1 100
49
100 50 10 2 27 25 4 39 28 10 41 28 27 25 10 6 36 2 3 35 40 28 44 5 28 17 15 20 16 22 26 20 9 7 20 19 44 22 12 15 9 37 2 0 32 31 8 27 49 30 7 31 1 48 0 0 0 1 1 1 0 1 1 1 1 0 0 0 1 1 1 1 1 1 0 1 1 1 0 1 0 1 1 1 1 1 0 1 1 1 0 0 0 0 1 1 0 1 1 1 0 1 1 1 
300 49 318 366
300 8 -26 1
300 33 -93 -71
500 1 421
300 43 -796 -769
400 1 -780 -25568
500 2 -5963
300 46 274 281
400 1 752 -752
300 2 990 994
400 0 -610 -8788
300 19 -58 -81
300 13 -516 -1124
300 21 -33 -44
300 9 -804 -807
400 1 -929 -32304
400 1 -974 -64446
500 4 -47770
300 38 306 -302
400 1 -352 -76062
400 0 -424 -16206
500 5 -76003
300 15 203 -2045
400 1 -385 -88564
400 0 -145 -18671
300 29 491 -2170
500 4 -71084
300 3 333 -2296
500 1 -16244
500 1 -16707
300 45 -738 -3376
400 1 -253 -96827
300 3 -722 -3271
400 0 400 -11871
300 43 42 -3648
500 3 -56799
300 29 510 -1913
500 2 -38349
400 0 470 -3881
300 22 710 -2196
300 48 -57 -2977
300 32 281 16
300 38 -71 -72
300 24 -188 -481
400 1 -52 -98060
300 11 -175 -478
300 15 -757 -3492
500 5 -85978