1 100
306
1 100 100
2 1 13 3 10 46 99
2 2 10 4 6 86 99
2 3 13 0 10 30 99
2 4 10 0 9 5 99
2 5 10 1 9 18 99
2 6 7 0 5 61 99
2 7 13 4 5 71 99
2 8 13 6 9 82 98
2 9 13 1 10 35 98
2 10 7 3 6 72 98
2 11 10 1 6 0 98
2 12 10 1 9 11 98
2 13 10 4 9 49 98
3 5 11 3
2 14 10 0 8 24 98
2 15 10 0 8 62 98
2 16 10 5 2 74 97
2 17 13 6 4 41 97
2 18 13 6 7 5 97
2 19 7 1 4 66 97
2 20 7 3 6 20 97
2 21 10 0 8 56 97
2 22 10 5 8 28 97
2 23 7 3 2 85 97
2 24 13 1 11 11 96
2 25 7 1 5 39 96
2 26 10 0 8 0 96
2 27 13 2 5 49 96
2 28 10 4 5 26 96
2 29 10 0 9 84 96
2 30 7 0 5 76 96
2 31 10 2 6 63 96
2 32 7 0 3 53 95
2 33 7 1 5 86 95
2 34 7 1 5 5 95
3 31 12 8
2 35 10 1 9 40 95
2 36 10 1 5 75 95
2 37 13 6 9 60 95
2 38 7 2 4 31 95
2 39 13 0 10 15 95
2 40 13 2 8 10 94
2 41 7 0 5 84 94
2 42 7 2 6 58 94
2 43 13 2 5 45 94
2 44 7 2 3 24 94
2 45 7 2 3 67 94
2 46 7 0 6 0 94
2 47 7 1 6 76 94
2 48 13 5 10 32 94
3 39 7 13
2 49 10 1 8 15 93
2 50 10 0 5 28 93
2 51 13 1 11 51 93
2 52 10 0 5 5 93
2 53 13 0 12 80 93
2 54 10 5 4 67 93
2 55 13 2 7 38 93
2 56 13 2 6 51 92
2 57 13 2 7 16 92
2 58 7 1 5 75 92
2 59 7 2 6 41 92
2 60 7 1 4 9 92
2 61 7 1 6 65 92
2 62 7 1 4 85 92
2 63 7 3 2 0 92
2 64 7 2 6 32 92
2 65 10 3 4 20 91
2 66 7 1 3 87 91
2 67 7 1 3 56 91
2 68 7 2 4 65 91
2 69 10 5 3 44 91
2 70 10 5 4 33 91
2 71 10 1 5 74 91
2 72 13 5 6 5 91
2 73 10 0 9 81 90
2 74 10 5 4 34 90
2 75 7 1 4 91 90
2 76 10 4 7 24 90
2 77 7 1 5 14 90
2 78 13 1 8 67 90
2 79 7 3 4 60 90
2 80 13 4 11 0 90
2 81 13 4 5 47 90
2 82 7 0 4 5 89
2 83 13 6 11 62 89
2 84 10 0 8 78 89
2 85 10 3 8 43 89
2 86 10 2 8 15 89
2 87 7 1 6 55 89
2 88 13 3 10 27 89
2 89 7 3 2 45 88
2 90 10 5 6 25 88
2 91 10 5 2 0 88
2 92 10 5 7 12 88
2 93 7 2 4 38 88
2 94 7 2 4 53 88
2 95 13 5 7 75 88
2 96 13 0 9 62 88
2 97 13 2 7 61 87
2 98 7 0 5 44 87
2 99 7 2 6 75 87
2 100 7 2 6 90 89
2 101 7 1 5 5 87
2 102 7 3 6 82 87
2 103 7 3 6 13 87
2 104 10 2 8 20 87
2 105 10 4 6 32 87
2 106 7 1 5 53 87
2 107 13 5 10 68 86
2 108 13 6 10 46 86
2 109 7 0 5 83 86
2 110 13 0 11 0 86
2 111 13 3 12 21 86
2 112 7 3 5 14 86
2 113 10 5 7 90 88
2 114 7 2 4 36 86
2 115 7 2 4 59 86
2 116 10 3 6 74 85
2 117 13 0 6 5 85
2 118 13 6 3 21 85
2 119 10 3 8 49 85
2 120 13 1 9 34 85
2 121 13 0 8 59 85
2 122 7 2 6 84 85
2 123 13 3 10 38 84
2 124 10 3 9 51 84
2 125 10 0 9 25 84
2 126 13 4 10 0 84
2 127 10 2 9 15 84
2 128 10 4 9 87 84
2 129 13 0 7 73 84
2 130 10 1 6 61 84
2 131 13 3 10 15 83
2 132 10 0 9 71 83
2 133 7 0 6 30 83
2 134 10 5 2 38 83
2 135 13 4 9 81 83
2 136 13 5 8 55 83
2 137 7 0 3 48 83
2 138 7 2 6 5 83
2 139 7 1 3 64 82
2 140 10 1 5 22 82
2 141 7 0 6 35 82
2 142 7 0 5 57 82
2 143 7 2 3 93 82
2 144 7 0 6 71 82
2 145 13 3 7 43 82
2 146 13 3 9 0 82
2 147 13 5 4 79 82
2 148 7 1 6 13 82
2 149 7 3 6 53 81
2 150 10 2 5 86 81
2 151 7 3 2 77 81
2 152 7 1 5 44 81
2 153 13 6 8 5 81
2 154 7 2 5 37 81
2 155 13 0 7 63 81
2 156 13 1 9 21 81
2 157 13 2 7 31 80
2 158 13 3 6 0 80
2 159 13 1 10 47 80
2 160 10 3 6 88 80
2 161 10 5 2 78 80
2 162 7 3 2 14 80
2 163 13 2 11 62 80
2 164 7 3 2 21 80
2 165 13 6 8 61 79
2 166 13 3 7 84 79
2 167 7 0 4 21 79
2 168 13 1 10 5 79
2 169 10 4 9 41 79
2 170 10 3 8 31 79
2 171 10 0 6 74 79
2 172 7 0 3 51 79
2 173 10 1 8 85 78
2 174 13 4 7 23 78
2 175 7 2 4 0 78
2 176 7 3 2 75 78
2 177 13 3 7 39 78
2 178 10 5 9 55 78
2 179 7 2 4 67 78
2 180 13 1 11 10 78
2 181 7 2 4 48 77
2 182 7 2 5 66 77
2 183 10 0 5 75 77
2 184 13 3 5 35 77
2 185 10 3 4 56 77
2 186 7 0 5 13 77
2 187 7 0 3 5 77
2 188 13 2 8 87 77
2 189 13 1 12 20 77
2 190 10 5 8 15 76
2 191 10 0 8 25 76
2 192 10 3 5 56 76
2 193 10 3 7 69 76
2 194 13 1 9 0 76
2 195 10 2 5 36 76
2 196 10 4 3 82 76
2 197 7 1 6 46 76
2 198 13 4 5 69 75
2 199 7 0 5 62 75
2 200 7 2 5 21 75
2 201 7 1 5 85 75
2 202 13 4 8 46 75
2 203 13 1 9 5 75
2 204 13 0 10 31 75
2 205 10 1 7 78 74
2 206 7 0 3 56 74
2 207 10 3 4 32 74
2 208 13 0 7 10 74
2 209 13 1 12 42 74
2 210 7 0 5 25 74
2 211 10 2 6 66 74
2 212 7 1 3 91 74
2 213 10 1 6 0 74
2 214 13 0 12 36 73
2 215 10 4 6 66 73
2 216 13 0 12 86 73
2 217 10 1 5 5 73
2 218 13 5 10 51 73
2 219 7 3 6 29 73
2 220 7 2 5 79 73
2 221 10 0 8 16 73
2 222 10 1 7 0 72
2 223 13 4 11 74 72
2 224 10 2 8 26 72
2 225 7 0 5 50 72
2 226 13 6 11 10 72
2 227 13 3 8 59 72
2 228 7 3 2 87 72
2 229 10 1 9 37 72
2 230 10 4 5 90 71
2 231 7 2 5 14 71
2 232 10 3 9 23 71
2 233 10 3 6 69 71
2 234 10 3 7 80 71
2 235 7 1 3 60 71
2 236 13 5 4 47 71
2 237 7 0 4 5 71
2 238 10 2 7 36 71
2 239 13 2 8 38 70
2 240 13 4 12 81 70
2 241 10 2 7 62 70
2 242 7 1 4 52 70
2 243 10 3 9 15 70
2 244 7 1 6 74 70
2 245 13 3 5 0 70
2 246 10 1 5 26 70
2 247 10 0 7 75 69
2 248 13 5 6 19 69
2 249 7 2 6 53 69
3 11 228 31
2 250 10 4 9 32 69
2 251 10 0 7 87 69
2 252 13 3 5 5 69
2 253 7 0 3 43 69
2 254 13 4 9 60 69
2 255 10 3 8 24 68
2 256 13 2 8 54 68
2 257 7 2 3 68 68
2 258 7 3 2 17 68
2 259 7 3 4 10 68
2 260 10 4 8 88 68
2 261 10 5 6 0 68
2 262 7 1 4 44 68
2 263 13 2 11 75 68
2 264 7 1 4 36 68
2 265 7 1 4 49 67
2 266 10 4 5 85 67
2 267 10 0 7 75 67
2 268 13 0 12 5 67
2 269 13 0 9 33 67
2 270 10 0 9 20 67
2 271 10 2 6 56 67
2 272 7 2 3 68 67
2 273 13 6 11 25 66
2 274 13 3 10 10 66
2 275 10 5 4 38 66
2 276 7 2 3 57 66
2 277 7 1 3 49 66
2 278 10 2 8 0 66
2 279 13 1 10 76 66
2 280 7 3 2 66 66
2 281 7 3 5 33 65
2 282 10 5 6 20 65
2 283 7 0 5 40 65
2 284 13 4 5 5 65
2 285 7 0 4 81 65
2 286 7 0 3 60 65
2 287 10 0 7 50 65
2 288 10 2 5 70 65
2 289 10 5 2 89 66
2 290 10 2 8 0 64
2 291 7 1 3 10 64
2 292 10 1 6 20 64
2 293 7 1 5 63 64
2 294 7 0 5 43 64
2 295 7 2 4 53 64
2 296 10 5 9 72 64
2 297 13 6 7 82 64
2 298 10 4 9 33 64
2 299 7 1 6 83 63
2 300 10 5 2 90 63
3 287 17 32