1 100
861
100 61678405
200 61678405 89 970
200 89 285 434
200 285 2 486
200 89 516583 666
200 2 65 546
200 516583 8452950 310
200 89 32705 207
300 65 89 1466
200 32705 16019646 789
400 16019646 2462
400 2 2462
200 2 9655 991
200 32705 8 33
200 89 424182374 102
200 424182374 3990 485
200 424182374 9 301
300 9 2 1323
200 9655 1985306 200
200 8452950 4280 20
200 1985306 75852410 132
200 424182374 85807874 469
400 61678405 3213
200 9655 7464 116
200 75852410 86 585
200 89 34790277 244
200 1985306 628 403
200 2 1734787 609
200 86 934558232 644
400 2 4468
200 1734787 5398 944
200 4280 6776 266
400 7464 3289
200 34790277 22 415
200 9655 78806939 122
200 9 6072 445
200 3990 917796 98
200 4280 570 114
200 86 53 14
200 34790277 827 573
200 6776 9759910 728
200 4280 2254 314
200 7464 1994390 726
200 32705 296653280 821
200 6072 217240753 349
200 61678405 76254301 604
200 628 50 958
200 285 70947 133
200 2254 45087 905
200 4280 934 925
200 22 3 53
200 6776 452 825
200 934 280 575
200 75852410 6 923
200 22 10 639
200 76254301 3821 265
200 70947 140274 986
200 2254 642200909 677
200 76254301 1 397
200 9 7993371 137
200 50 760 987
400 3 5171
200 61678405 17271537 162
300 2 7993371 1460
200 452 27636765 757
200 34790277 82046527 141
200 82046527 4 402
200 2254 5 260
200 570 171505711 668
200 17271537 211 797
300 827 934 2738
200 85807874 797240333 509
200 5398 141280 175
200 296653280 6249 79
300 827 570 1927
200 34790277 5842013 334
300 8452950 5 594
200 285 3052 769
200 3052 516842655 170
200 70947 360995 691
200 8 43714 888
200 934558232 473443 435
200 78806939 17506406 331
200 141280 6902 503
200 86 5448474 618
400 217240753 5656
400 797240333 5539
200 296653280 2167 770
200 1734787 6799211 727
200 570 5446132 848
200 516842655 2955523 607
200 628 28382 682
200 28382 372 719
200 17271537 744 831
200 3052 517366 415
200 2167 66952229 837
200 6249 203 358
200 140274 9143 126
200 86 245 240
200 8452950 272308 118
200 4 63 178
200 7464 83704 221
200 6249 3756 784
200 7993371 4068 373
300 760 360995 4849
300 211 16019646 2925
400 17506406 5208
200 63 593 588
200 65 676506926 581
200 65 53427151 733
400 2167 7094
400 63 6012
300 676506926 6902 3358
200 4 270606263 963
300 203 3052 2668
200 211 122160308 345
200 66952229 605106 13
300 5448474 122160308 5720
200 122160308 660811393 836
200 63 354593752 854
200 70947 492267 447
200 797240333 42 383
300 7464 797240333 3107
300 5 17271537 2702
400 8 5587
200 934 2077 332
200 7993371 6597 23
200 82046527 93794063 81
300 5398 628 3147
200 296653280 2318 861
200 516583 9576 571
200 70947 7703 213
200 3052 188 105
200 272308 3112 6
200 3756 50617155 302
200 760 473289 729
200 10 1511484 60
200 141280 64596 633
200 9759910 11 458
200 188 748434 291
200 4 442761491 183
200 83704 40950506 930
200 40950506 7386 23
200 1734787 88512 203
200 3821 4688825 37
200 6072 688848 800
200 89 20 273
200 6799211 84751131 487
400 3112 6288
400 75852410 7017
200 3990 19473074 37
200 2167 64614902 773
200 64614902 6625 322
200 171505711 1565 725
200 744 37660384 104
200 5448474 25155 544
200 9655 12076989 879
200 89 99 529
200 32705 198202700 99
200 642200909 723 130
300 20 688848 1921
200 6597 6642933 583
300 171505711 10 3076
200 7703 72602394 827
200 270606263 11343 726
200 5 469534 776
300 2955523 280 4476
200 10 340782 745
200 50 55 665
400 50 8298
200 1985306 77 861
200 25155 568116963 241
200 934 441299 975
200 934558232 36755664 767
200 53 4364068 862
200 3112 25716 313
200 2955523 8663541 641
200 280 226 689
200 37660384 60810 379
200 25155 50735870 261
200 11 756 52
200 605106 38211 428
200 473443 1150766 159
200 8452950 7282656 55
200 5 89926 624
400 61678405 8298
200 65 446 400
200 64614902 82931148 930
200 20 70444 135
300 660811393 245 6178
200 517366 5292 4
200 676506926 183670 151
200 7386 932511 318
200 568116963 16176704 798
200 7993371 86778 574
200 6 61 653
200 25716 6000803 679
200 4688825 568300 698
300 2 11343 3396
200 517366 796925895 828
200 354593752 5923717 496
200 6642933 2241 199
200 642200909 62569 156
200 188 869149 506
200 6799211 2521516 24
200 2241 9749130 790
200 6 587 149
200 4280 58 614
300 6 70444 3574
200 28382 6250379 27
300 568116963 9576 5468
200 934 301139481 319
200 70947 352 754
200 86778 25738718 120
200 568300 934194383 716
200 360995 70314211 590
200 340782 69 374
200 203 616395 924
400 5842013 5766
200 4068 80 318
200 226 3970388 650
200 171505711 654199 793
200 3112 7624715 342
200 8663541 68106 911
200 676506926 650796 694
200 1994390 7939204 926
200 9 651 817
200 7939204 74412337 552
200 473443 893711537 179
200 272308 4150 143
200 61678405 598077 830
200 372 83182 842
400 122160308 8298
200 6642933 9554 516
200 82931148 334893 21
300 628 3990 3101
300 6072 12076989 3638
300 654199 4 3358
200 19473074 72 159
300 86778 5292 2736
200 568300 35934 202
200 285 83669 664
200 203 74414 121
400 22 7605
200 827 206589739 81
200 53 102 596
200 4 212833879 677
200 917796 7205659 850
200 245 91 208
200 3112 114 904
400 570 7759
200 6625 793 322
300 340782 793 5258
200 25716 49927 261
200 4 62349 393
200 83704 850 971
200 6072 181 191
400 82931148 8710
300 9 616395 2792
200 797240333 16 575
200 62569 314271 278
200 616395 49 641
200 7624715 231423503 772
200 296653280 1719796 52
200 89 12947 46
200 82046527 60 217
400 35934 7964
200 6249 49623497 686
300 587 744 5278
200 50 571230250 625
200 9655 4492 77
200 2167 817 318
200 63 2297985 120
200 91 2285 6
200 27636765 9263 368
200 593 1821830 539
200 61678405 346973 480
200 9 24388393 195
200 72602394 19716390 953
200 70444 729310144 372
200 22 9783592 161
200 1994390 6183 357
200 32705 7982321 404
200 5842013 19975083 156
400 9143 5999
200 296653280 19745 113
300 5292 50735870 5005
200 570 3831080 300
200 2077 400312 935
200 2521516 67116 782
200 688848 79493500 913
400 7386 7354
200 16176704 261 808
200 5842013 94428680 223
200 270606263 243809397 165
200 50617155 50715570 255
300 7939204 16 5334
200 72 562709150 193
200 893711537 35648 216
200 102 625 170
200 2167 13 226
200 1719796 25 691
400 17506406 6199
200 3831080 830467223 282
300 102 748434 4169
200 35934 979598 763
200 50617155 1166 530
200 2955523 54610 897
400 571230250 7932
200 562709150 436 268
200 8452950 16246499 798
200 11343 635592 951
200 66952229 72875356 259
200 64614902 70 464
200 979598 574292 897
200 40950506 4677 657
200 571230250 319877 722
200 50617155 2008990 223
400 74414 7423
200 77 77209137 140
200 869149 59887 45
200 102 680319 699
200 2955523 206391 857
200 36755664 697403 403
400 4 9264
200 635592 69006 863
200 245 2875015 235
200 32705 9010816 260
200 616395 532 335
200 53 1811248 836
200 1511484 43886 530
200 8663541 7256533 957
200 74412337 6544845 505
200 3821 988949019 996
200 688848 975 954
200 5446132 47 720
200 6799211 9279 711
200 635592 4991115 918
300 6183 680319 3425
200 6625 310296675 519
200 441299 45367269 555
200 140274 57694 806
200 593 125 706
200 9576 5458448 887
400 16246499 7611
200 86 8044659 891
200 206589739 849331 582
200 6249 45390464 960
300 3 650796 3453
300 93794063 446 2332
200 35934 4118 991
200 3970388 83563185 522
200 934558232 64274124 67
200 2008990 914 879
200 50715570 8320 297
200 50735870 740551703 895
200 61678405 113759834 843
200 86 37440 486
400 94428680 6638
200 7256533 6231 369
200 206391 485143 950
200 62349 2512017 30
400 16 7492
300 8663541 3 3333
200 78806939 5410 390
200 9576 183 409
200 19716390 54566116 907
200 80 1377 458
200 28382 538190 180
200 64614902 6626 544
200 9759910 100 613
200 729310144 88289438 326
200 6072 87124 673
200 4280 920 682
300 59887 226 5044
200 352 183912233 339
200 12076989 7 726
200 62349 327 274
200 5292 4607 878
200 446 488 988
200 188 227418 371
200 6597 8140 442
200 87124 43873 962
200 25 163389 630
200 45390464 418 881
200 568300 94731 899
200 744 320 595
200 340782 69170679 514
300 86778 72875356 4008
200 2241 4163562 77
300 25155 206589739 4888
200 70 512959350 85
200 4150 66 541
200 89926 37513 759
200 3112 848 439
400 6000803 7929
400 538190 7812
200 42 341625 893
300 797240333 593 2633
200 83669 43808340 522
200 2297985 21 413
200 102 4205 168
200 19975083 332 421
200 2318 4885353 887
200 61 431 309
200 2241 491 790
200 6776 2372 953
300 65 914 4761
200 6597 43 308
200 53427151 66166440 29
200 975 286 639
200 340782 83005277 741
200 64274124 77897000 289
200 68106 96 179
200 82046527 298 60
200 93794063 75 957
200 212833879 6869960 143
200 748434 52487205 4
200 66952229 691 637
400 68106 8680
200 4688825 26893 981
200 227418 20325087 169
200 7256533 34844 276
200 8452950 86067703 693
200 63 4668032 765
200 75852410 5583187 981
200 7982321 754051729 868
200 849331 98689 910
200 9749130 17 865
200 598077 522 440
200 2297985 48547 48
200 6869960 52412 774
200 3 851959360 769
200 3052 309247 388
200 4068 339809799 499
400 488 7290
200 49 79184736 317
200 851959360 692 321
200 914 740344 614
200 50735870 27 665
200 217240753 798 858
400 10 8621
200 20325087 1417 928
200 491 9763708 992
200 6869960 679 164
200 49927 44152022 182
400 6000803 7929
200 5 4586 614
200 61 454 575
200 58 6247 886
200 431 592295594 966
200 9763708 15374737 607
200 3052 32 289
200 70314211 255 867
200 6799211 62 458
200 1166 947000 773
200 76254301 5467 751
200 7464 50241 669
200 61678405 74 892
300 19975083 5398 3207
200 113759834 8726849 59
200 332 2267 994
200 431 8965 46
200 6776 45867140 646
200 272308 41 979
200 4068 523 535
200 1734787 26828 70
200 2 81 263
400 6183 7546
200 19716390 36 537
200 72875356 5727694 71
200 86 6841007 65
200 7 98282 89
200 9576 703686 452
200 703686 64185 589
200 1417 765826072 637
200 59887 5493316 609
200 1166 400 259
200 67116 99177 341
200 77 593191 686
200 35934 4328 736
200 6869960 47435 11
200 286 22205 670
200 310296675 25881263 399
200 79184736 4397 364
300 4397 198202700 3603
200 9749130 93 407
200 38211 2652 56
400 5458448 7961
200 7282656 658472702 453
200 70314211 649 822
200 570 14025 612
200 6776 27804122 195
200 593 766360739 238
200 9576 700868939 359
200 642200909 84395502 316
200 1734787 24 15
200 1511484 7486769 134
200 65 685 544
200 4586 7865 265
300 6841007 93794063 3359
200 917796 8591828 291
200 38211 35 921
400 122160308 8947
200 436 5120 622
200 934 71 47
200 285 91404855 554
200 7 68112 264
300 86 8140 3833
200 227418 84380206 375
400 4885353 8613
200 93 27808858 478
400 206391 8756
200 59887 5967 151
300 68106 25155 6654
200 212833879 97 351
200 1734787 271044 542
400 469534 8183
200 49 42446 358
200 625 33231481 827
200 50 9797592 414
200 9576 37221 905
200 5 15248 519
200 17271537 18198 774
200 17271537 147 875
200 64274124 831563882 670
200 2254 53739 860
200 76254301 909 702
200 26828 6795 406
200 568300 9851 365
200 9010816 266878 659
400 592295594 9530
200 8 592052598 570
200 4328 8584204 231
200 5493316 2068860 432
200 7624715 40040626 714
200 11343 743 810
200 1734787 8429463 705
200 688848 64608 378
300 84751131 35 6740
300 26828 50 3231
300 211 7464 3956
400 5727694 8802
200 723 1466 884
400 5398 7717
200 74 187 480
200 16 6208 962
200 4586 78605 324
200 70314211 31752448 257
200 19716390 1675933 198
200 651 87 778
200 5458448 98 645
200 60810 71626 679
200 19473074 11079316 157
200 400 6344869 323
200 9763708 765884958 294
200 934558232 95 376
300 649 35934 5446
200 7939204 586088335 770
200 227418 60260 212
200 6249 7857509 963
200 4688825 88261 238
200 114 2771341 93
400 9763708 9571
400 212833879 8218
200 91404855 4120421 201
200 27804122 409193 858
200 183 499873 93
200 83669 613920 958
200 114 84 545
200 6247 5517 45
200 96 724 542
200 78605 3757 535
200 7 117645089 912
200 5446132 212554431 39
200 62 5197248 258
200 3052 887082466 296
200 593191 88244 984
200 272308 199806779 289
200 635592 5981227 366
200 848 81469 409
200 765884958 7209 30
200 5292 4803643 532
200 8726849 4042 707
300 20325087 47435 3466
200 22 80648 435
200 2254 33531 11
400 15374737 9571
300 4607 346973 3950
200 1377 39 355
200 45367269 63309071 869
200 36755664 1236 692
200 86 353245952 406
400 485143 8756
200 424182374 223 508
200 113759834 4408777 658
200 4042 377 833
200 66166440 198152 938
400 1985306 10273
200 360995 90283 81
200 140274 14750 200
200 4042 4817 572
200 32 16535056 289
200 332 4859 998
200 346973 9770102 798
200 851959360 859 818
300 71626 754051729 4604
200 93 2507 774
200 5467 40 331
300 628 285 2080
200 74414 337875011 435
200 310296675 571266 498
200 20 94573 314
200 98282 2371092 285
200 754051729 424321367 375
200 25716 1317908 174
400 4280 10194
300 43873 4688825 4359
400 117645089 8864
200 75852410 60432392 825
200 163389 5290 924
300 3112 2771341 997
400 212554431 7834
200 26893 616 676
300 9655 8591828 2887
200 9279 7022 605
200 6869960 48 95
300 9759910 1150766 6056
200 431 131986657 678
200 77897000 9290069 468
200 27808858 95275 160
200 9783592 644763 934
200 5727694 883384670 651
300 49927 760 6133
200 95 5693 522
400 765884958 9288
200 975 97878 802
200 6344869 778489 586
200 2 1675646 198
200 6344869 31312 752
200 16246499 8725840 148
200 12947 9535696 651
400 131986657 9242
300 3970388 10 5133
300 99177 1675646 2681
200 441299 70299 988
200 62349 10231 875
300 372 70444 4323
200 644763 489766 97
200 797240333 6687 923
200 24388393 68576 369
200 424321367 749330 636
200 24 577246 611
200 5517 17665802 84
200 84751131 698 956
300 40040626 20 2429
300 10 3821 3137
200 4397 651617 505
200 199806779 3580 79
200 5493316 98706 659
200 3831080 7704826 101
200 778489 7510 416
200 285 3996466 708
200 266878 18472 639
400 70314211 7684
400 1811248 8114
200 7865 42307099 248
200 491 1188182 388
200 66 85150 474
200 743 18 706
200 50735870 832772441 846
200 1 9511602 734
200 71 501476 521
200 45390464 9530237 345
400 9851 8776
300 7704826 64614902 4082
400 2285 7718
200 6799211 402564077 519
200 4042 322758595 342
200 1150766 7946 201
200 87124 4497691 718
200 11343 2354 78
400 40 8493
400 3580 7299
200 83563185 9762 83
400 16246499 7759
200 442761491 65366601 989
200 337875011 506 53
200 37440 75617 951
400 66952229 9834
200 42 3855 879
200 932511 3016 153
200 6247 68513 488
200 37660384 874077 465
300 8044659 6869960 5326
200 60432392 76 536
200 887082466 76767377 852
200 25716 2600478 206
200 849331 49585942 706
400 512959350 8957
200 680319 67 168
200 9279 48935374 286
300 327 81469 3402
200 70 209 801
200 78605 58975747 667
200 187 5470422 539
200 920 2897 516
200 3052 778018952 65
200 82931148 3070 491
200 698 4741111 91
200 934 62517 529
200 400 3513 946
200 5290 95985 173
200 245 51 957
200 58975747 77097926 486
200 98282 381 897
200 920 59790 657
300 798 1377 2938
200 4803643 934530 582
400 270606263 10182
200 69170679 50095386 678
200 2077 238 381
200 6544845 761 440
200 43 94892 332
200 4364068 786295011 61
300 523 778018952 2716
200 37660384 29572 277
200 72 4978 784
200 827 82 400
400 322758595 8758
200 1188182 996 821
200 42446 684138 353
200 6544845 380081 560
200 1821830 480022939 710
400 15248 7926
300 77209137 77097926 6773
200 62349 3627561 161
200 78605 827213 440
200 9851 2671 27
200 60260 539 21
200 979598 45 684
200 3580 522841122 564
200 7703 611828117 319
200 5967 52110 310
200 309247 71117 402
200 2 465 123
200 642200909 38 631
200 1811248 606325760 537
200 212833879 3833 983
400 27804122 8152
200 203 552602 730
200 5290 254 992
300 1 454 6365
200 743 26547751 260
200 2512017 85740 636
200 59790 93559604 872
200 25 445158 280
200 37440 49114393 695
200 7939204 6914 354
200 9530237 68 966
200 744 69869789 624
200 587 43026952 974
200 88512 42222 944
400 5448474 10277
200 20325087 5970 354
200 5290 962078 576
300 552602 9759910 4185
200 5 71677685 960
400 45867140 7745
200 5970 5467229 627
400 87124 8320
200 6544845 540692981 286
200 568300 501071 197
200 206391 3463 818
200 4 36676297 934
200 78605 986 253
200 4205 52 888
200 68513 990 270
200 676506926 340793 754
300 163389 86 5229
200 89 68854 940
200 1317908 128580 43
200 1377 66596473 441
200 16246499 81619 746
200 6687 592023 614
200 93 99196 846
200 499873 708 36
200 238 864 946
200 35934 714357341 775
200 644763 9610159 639
200 7464 670048246 894
200 3627561 48018681 917
200 55 56190712 636
200 17506406 10302 570
200 1719796 47963513 746
300 83005277 6799211 5040
400 488 7294
200 41 943844 722
200 91 384 934
200 4068 907 643
200 49927 80401 846
400 2521516 7843
200 4 397904860 699
200 9 59 663
300 5448474 748434 4177
400 7993371 9571
200 16019646 514652 582
200 77097926 656028 953
200 212833879 8026065 189
200 72875356 5302066 734
200 49927 23 486
200 206589739 755434 117
200 473443 798932340 207
200 676506926 5544 959
200 574292 9417203 995
200 9655 95701141 533
200 740551703 4748408 810
200 346973 904797757 97
200 2241 305295543 681
200 9759910 8944 900
200 198202700 666446529 10
300 89 346973 1450
200 54610 861475 240
200 7624715 88658 898
200 377 782 536
200 69006 28723606 55
200 57694 59182144 78
200 592052598 38462 702
200 4497691 91182582 360
200 49114393 429582551 29
200 55 417 761
300 70 5290 4304
200 660811393 34736450 523
200 4741111 3467 113
200 183 677443982 585
200 893711537 411053773 744
400 322758595 8877
200 532 8826 296
200 5583187 9729 546
300 78605 62517 2966
200 4817 82389618 893
200 8591828 44952 692
300 5517 35648 6843
300 587 285 2881
400 96 9684
200 517366 458227918 10
400 27808858 9136
200 58 646569 162
200 50735870 371744 797
300 377 47963513 5238
200 429582551 196406 379
200 5727694 33290 548
200 2512017 3739002 942
400 70314211 8146
200 125 85558 51
200 23 19623622 890
200 5446132 90528563 441
200 2297985 3090 961
200 778489 358708 252
200 26828 58014 944
400 442761491 7915