1 100
51
100 5
200 5 1 86927951 86927951
200 5 2 676 86927951
200 4 1 4 86927951
400 5 1 86927951
400 4 1 86927951
500 86927951 3
500 86927951 3
200 3 1 63 86927951
500 86927951 4
400 5 1 86927951
500 86927951 4
400 5 1 86927951
200 5 4 71 71
500 86927951 4
600 86927951 71 5
200 2 3 4 4
500 4 1
200 3 2 45286 86927951
500 45286 0
500 4 1
200 1 4 787 787
300 787 1
200 1 2 63 63
400 5 2 86927951
400 2 3 4
200 1 3 485689 4
400 1 2 63
400 2 3 4
500 4 2
300 86927951 6
200 1 5 787 787
200 2 5 1 787
300 63 1
500 787 2
300 787 2
400 2 3 4
500 4 2
500 4 2
400 1 3 4
500 4 2
200 2 4 63 4
200 5 1 9342 9342
500 4 3
600 9342 4 4
200 4 5 513 513
200 5 4 71 71
200 5 5 9 71
500 9342 4
200 1 4 1 9342
200 2 2 676 9342
300 9342 6