2 100
20
100 3 3 4 2
200 1 11 3 1 2 3 1
200 2 22 1 1 2
300 3 11 1
200 4 33 2 1 3 1
200 5 44 2 2 3 2
400 6 11 -1
400 7 44 2
200 8 55 3 3 2 1 2
200 9 66 3 1 2 3 2
200 10 77 2 1 3 3
300 11 55 2
300 12 66 0
200 13 88 3 2 1 3 1
200 14 99 3 3 2 1 2
200 15 100 3 1 2 3 3
300 16 88 2
400 17 100 2
400 19 100 1
400 21 100 0
14
100 3 7 3 2
200 2 13 3 1 3 2 1
300 3 13 0
200 14 789682077 3 3 1 2 1
200 15 352419377 2 2 3 2
200 16 412033278 2 3 1 3
200 22 17 2 2 3 2
200 26 513622000 1 1 2
400 27 13 -1
400 31 513622000 1
400 32 513622000 1
200 34 12 2 1 2 2
200 35 1 3 3 1 2 2
400 36 1 3