1 100
200
1 15 364095 2936 9369398 671 9703257 2170 7834648 2633 8930467 1640 2908778 483 1373085 1462 7485100 2649 6813639 1096 9353566 15 9414433 2714 1317632 2069 2808875 108 4324882 1223 6465509 738
2 785196746 1131 16
2 1791195 2936 17
2 989800 2717 18
2 212353 1806 19
2 673506550 623 20
4 126 1500
2 9353566 1597 20
2 5814833 1146 21
2 2561766 2879 22
2 511932423 1216 23
2 287716 2189 24
2 8656397 182 25
2 2477394 2983 26
2 7166147 1428 27
2 6245168 489 28
2 9511593 526 29
2 2508670 103 30
2 626239 1832 31
2 9071804 2801 32
2 3016965 2566 33
4 209 4734
3 3 2561766
4 939 20304
3 3 9414433
2 6966562 1583 28
2 4977619 2200 29
2 2939776 997 30
2 5532601 1830 31
2 3074766 1967 32
2 144463 616 33
2 1020300 1605 34
3 4 4977619
2 626239 2499 30
2 9738239 2312 31
2 4681724 2433 32
2 8651333 2654 33
2 7925162 667 34
4 664 13020
2 1563465 318 35
4 1073 19670
2 668772 685 36
2 490509 1382 37
2 9480530 1295 38
2 3486531 2852 39
2 6452016 1941 40
2 8441385 1074 41
2 6907646 2563 42
2 486240959 2624 43
4 498 8554
2 5827762 1587 44
2 40611 2876 45
4 619 10332
3 6 4681724
2 807596 2525 40
2 9203381 1990 41
3 3 4977619
2 1624064 1017 39
2 624569 2286 40
2 14010318 1383 41
4 862 14317
2 3022205 474 42
2 7166147 50 42
2 29886 791 43
2 5896959 1952 44
2 7828476 1713 45
2 8213317 1902 46
2 9652906 2067 47
2 8213317 511 47
2 5555975 1856 48
2 3417700 2925 49
2 3022205 1517 49
2 4588409 30 50
2 937958798 1851 51
4 691 5910
4 485 4200
2 9718939 1180 52
2 5464872 757 53
2 905537 506 54
2 5477814 1419 55
2 1555863 2856 56
3 5 9703257
4 756 6279
2 881641360 53 52
2 370953 266 53
2 6224990 2787 54
4 723 5088
2 5179213 1866 55
2 7197842 1411 56
2 8154883 568 57
3 3 9652906
2 8245510 1763 55
2 4955687 2048 56
2 1035268 2661 57
3 6 6452016
2 5265803 2640 52
2 7186520 2693 53
4 197 1514
2 580659119 2280 54
2 7669228 2569 55
2 6711797 2086 56
2 2839194 2983 57
2 2797419 1916 58
2 2328888 1989 59
2 4871185 202 60
2 8483014 1839 61
2 338791 728 62
2 8128452 2393 63
2 9550701 2978 64
2 3412146 1023 65
2 9018915 888 66
4 132 1050
4 302 2055
2 253100 2153 67
4 832 5379
2 8833491 2388 68
2 3379584 1673 69
2 8113593 402 70
2 4418638 527 71
2 5015759 180 72
2 2257420 357 73
2 9851157 462 74
4 1034 6048
2 9366880 1905 75
2 5292953 1810 76
3 9 6711797
2 2993140 2065 68
2 9647197 1082 69
2 9550562 779 70
2 3731 788 71
2 785196746 716 71
2 8860380 2105 72
2 9718939 1741 72
2 6400017 2198 73
2 4901318 2307 74
2 8347751 2292 75
2 511932423 1208 75
2 2497568 1569 76
2 7809753 1606 77
2 4627438 2755 78
2 6110191 76 79
2 4337708 1965 80
2 4871185 121 80
2 783649 150 81
2 3191958 527 82
3 4 8860380
3 8 5179213
2 9897859 2260 71
2 2952560 2213 72
4 855 4386
2 5901479 2220 73
2 5521156 133 74
2 4883117 790 75
2 2074994 1499 76
2 981212259 2844 77
3 3 2952560
4 641 3192
2 1328492 2225 75
3 8 212353
4 570 2912
2 6536545 1654 68
2 5189078 1467 69
2 3811639 928 70
4 773 3822
2 9718939 1186 70
3 9 5827762
2 938943052 1653 62
2 146517 2930 63
2 462074 1127 64
2 4639051 1732 65
2 1056280 1485 66
4 621 3138
4 734 3672
4 308 1590
3 3 5827762
2 2584457 2946 64
3 8 1373085
2 3191958 1392 56
4 897 4598
3 5 490509
2 9762076 533 52
2 4502757 1058 53
2 8285514 1051 54
2 3424219 440 55
2 2190056 1037 56
2 267465985 1442 57
2 8113593 306 57
2 3755890 2711 58
2 8262627 1812 59
2 4064464 1461 60
2 330761033 1202 61
2 4021662 2291 62
2 2755039 2680 63
3 6 490509
2 3905874 867 58
3 2 4324882
2 6819473 1386 57
2 322758 2035 58
2 1166823 652 59
2 9647197 1336 59