1 100
600
1 35 3264095 840818240 1137238 169578091 5993721 316125394 1491640 896182181 7973059 429727444 6722698 851765007 9887421 9058502 8347724 674339625 1872743 116748584 2096126 75079283 6917185 131158650 8481952 289077101 1795915 931765564 947890 861894807 3446661 1768942 766149300 860067441 6100591 874892560 429350 534130555 1298953 363602722 4795400 178403893 2433107 970555044 4728410 476144927 1576909 499691030 462640412 369076409 4115191 451594232 8653646 809549699 2494033 407780554 2973936 810272253 8849115 282133772 6967554 14666919 97685 211271998 7441924 526830081 6326527 808911328 8493430 146701451 2253337 847275890
2 6270510 126049507 36
2 8493430 174130479 36
4 19 23546103
2 35913 135578850 37
3 632765173 1000000000 24
4 15 18830266
2 7362496 991963789 25
2 3595001 24080978 26
2 3556494 141030467 27
2 2769295 163295920 28
2 8075084 969652905 29
2 679253 34566910 30
2 1185402 942824255 31
2 341282123 772007612 32
2 7500568 645750661 33
2 128997873 18717546 34
2 341282123 542161702 34
2 1079330 702934727 35
3 728118238 1000000000 32
3 420950234 616322070 25
2 6810411 623416476 26
2 5681912 464777189 27
2 226001 874054218 28
2 5198214 932372571 29
2 9413927 403668584 30
2 8766724 816819585 31
2 3750829 768798326 32
4 31 4111970
2 1660376 12202053 33
2 5524657 621893930 34
2 2172646 41142715 35
2 6270510 243243911 35
2 2033043 924210660 36
3 26399913 110612924 33
2 1120476 999853305 34
2 8505765 62473742 35
2 3296650 348669967 36
2 8415515 193792588 37
2 2591016 302531797 38
2 7368385 307404154 39
3 723999341 1000000000 33
4 32 2464866
2 4976920 137399045 34
2 407281 104729834 35
2 6883622 179669627 36
2 5635271 88803336 37
2 1774244 681160353 38
2 7327181 824019734 39
2 9533842 381273335 40
2 5997315 745466772 41
2 3040880 897528573 42
2 1660376 13954793 42
2 9105429 759840318 43
2 1312442 602649983 44
4 19 26507219
3 10425087 87551898 39
2 1170245 873298606 40
2 5496746 892238383 41
2 7767483 560847340 42
4 41 1522546
2 3294494 363120531 43
2 8325215 383857856 44
3 716563 104729834 40
2 9708983 727724728 41
2 52290388 446908049 42
2 795325 660610374 43
2 936175810 112100967 44
2 309112051 888981316 45
2 35913 857210528 45
3 68927310 86327058 45
3 27126039 287535665 31
4 22 14373546
4 18 17869140
2 854131600 39471133 32
4 13 33190794
2 2843847 906171784 33
2 8260900 135123489 34
3 414791808 788695169 21
3 212846612 406717065 10
2 6402533 496784718 11
2 910896970 750438479 12
2 6026459 407004044 13
2 3275368 887514901 14
4 11 8643211
2 2960895 841095264 15
2 3973628 712734105 16
2 2655045 695369262 17
2 2618666 253855151 18
2 518450875 694190956 19
2 2400456 844117365 20
3 761787620 970625989 10
2 1231117 284076118 11
2 9323730 627897143 12
2 7982019 789910228 13
4 6 95652356
2 9257798 365515291 14
4 9 42265263
2 7169749 512070526 15
3 461503085 482128553 15
2 8387382 200340939 16
3 55384498 163976565 15
2 7597475 586432692 16
2 2514192 363026845 17
2 1753225 904319266 18
4 12 39471749
2 9105429 202292388 19
4 14 18543149
2 126742 14609195 20
2 1964791 750495224 21
3 301315459 680759396 13
2 9070576 552143869 14
2 5312873 348091394 15
2 1041342 931824435 16
2 9330815 654567904 17
2 6576764 33832729 18
2 448837 926319022 19
4 14 18543149
2 5079504 379191901 20
2 8428105 820184802 21
2 737566 815315091 22
3 85077479 281386747 19
2 6688235 127406812 20
3 596615044 998082570 8
2 2300884 381598097 9
2 3555389 14503494 10
2 3656770 281978215 11
2 7614707 418899524 12
3 469364546 540471526 12
2 9070576 382540476 12
3 31562503 93043069 10
2 9034036 218854897 11
2 365341 624120614 12
2 1939362 462212807 13
2 5997315 912017235 14
3 544579290 580414416 14
2 609835 721312924 15
4 12 3348575
2 125390 314733315 16
2 3071823 620741744 17
2 8376844 56409961 18
2 6074261 224831678 19
2 5968058 52762111 20
2 1526923 980305020 21
2 225368 5827653 22
4 15 8781542
3 896943914 986250589 20
2 3486651 721057900 21
2 5897544 16707189 22
2 2957281 110934170 23
2 747222 300946795 24
2 3563831 715577656 25
4 10 43313283
2 5018250 490956815 26
2 751957787 187795532 27
2 4041768 108312277 28
2 6874689 262015866 29
3 105342773 280120683 22
2 8852402 137845143 23
3 70380982 322743713 18
2 8746607 518390800 19
3 267800899 436151151 14
2 2179976 317440821 15
2 1869601 584577114 16
4 12 3647850
2 8583836 86513593 17
2 1930981 676208590 18
2 8954954 344721615 19
2 6989659 69728268 20
2 3962472 663808917 21
2 36018433 99454778 22
2 2618666 779191798 23
2 843122 32897111 24
2 8551139 620653940 25
2 3008976 437790045 26
2 957706569 46751202 27
2 5355294 871592851 28
2 3916383 655853760 29
2 3084124 411895417 30
2 7091621 250877838 31
2 3962472 185928074 31
2 1732038 585800347 32
2 1877479 983097256 33
4 10 91631476
2 3766266 589634623 34
2 3922891 361306556 35
3 317751063 768020443 17
2 1753396 109603057 18
2 4076573 256981542 19
2 17698 346347975 20
2 8511955 230173476 21
4 14 16785325
4 20 2203695
2 1864604 500113721 22
2 1741285 85053262 23
3 879364521 1000000000 22
2 8823686 704527195 23
2 9339559 25824104 24
2 3750829 923217156 25
2 3392352 94259885 26
2 4197145 133429234 27
2 2544046 13342051 28
2 7597475 136057263 29
4 25 3365138
2 3454281 526925666 30
3 409131121 719422987 27
2 6172954 405671007 28
2 4097003 468589404 29
3 501437239 751592815 29
2 53648084 434791953 30
2 9226301 122251462 31
2 4088002 713356775 32
2 1576909 916097651 33
2 3691199 59038240 34
2 688494908 719088217 35
2 338949 802546670 36
2 9967978 232842863 37
2 8773883 223725356 38
3 246297155 596149189 31
2 4967332 158779297 32
2 1161933 768901142 33
3 425456825 828127815 28
2 9702222 584756099 29
2 1117519 247727344 30
2 1569036 856816617 31
2 117397 750050622 32
2 838616634 895055487 33
2 2963467 479019772 34
2 4737496 520430789 35
3 424929648 551924385 33
4 23 7119505
2 9210427 605427436 34
2 9148616 188906741 35
2 2631393 204625178 36
2 3337174 543702507 37
2 8511955 788641975 37
3 548944778 647373383 35
4 5 173166534
2 2681277 496376902 36
2 2401346 892137831 37
2 697715 387771972 38
2 6172954 420883360 39
2 319676 674673625 40
4 19 24001988
2 2535331 204153908 41
2 6667792 910878493 42
2 7020169 641130658 43
2 3070046 860077395 44
2 3786399 867638144 45
2 9721628 110689849 46
2 8583781 893132878 47
2 2516682 815286607 48
3 1 13342051 46
3 54773380 144768745 34
3 406862440 419921273 34
2 7889409 106570170 35
2 22331510 967559691 36
2 6427735 521912664 37
2 6650228 17908401 38
2 3661789 708377318 39
2 5527650 617858951 40
4 26 14776234
2 938209 289323674 41
2 4766422 458298731 42
3 75272124 450756324 30
2 9783235 916664276 31
2 1884592 56981053 32
2 2638761 439998786 33
4 12 42477559
4 10 49026132
2 6573946 26672319 34
2 276043 166355516 35
2 9955352 178572549 36
3 136909737 488532240 32
2 5242141 810980518 33
2 27682 591700039 34
4 14 31079325
2 2123297 794975834 35
2 4697622 380924459 36
4 5 178917716
4 25 5785783
2 426007683 954937748 37
2 967152 645854461 38
2 91369 469760258 39
2 8471614 12020275 40
2 4712063 163990752 41
4 30 4723803
4 36 2588920
2 628504792 281746885 42
3 737736052 752798880 41
2 9392221 518595686 42
2 1200866 588317447 43
2 7623443 628053860 44
2 2825024 723556749 45
2 8227577 532800850 46
2 2142094 16786755 47
2 6488335 504708528 48
2 669516 758765993 49
2 6169045 63914494 50
2 7137530 220052543 51
3 764266422 818095617 47
2 1759767 242278040 48
3 911712920 1000000000 43
2 2036368 83626525 44
2 1077897 994326434 45
2 8722910 787052627 46
2 2189983 493319296 47
4 6 160871916
2 316656402 606604407 48
2 571907 570693396 49
2 2995312 164008061 50
2 632809 822024834 51
2 1704766 455116723 52
4 42 3316978
2 9717037 538044278 53
2 8184306 35206103 54
2 2839395 27237108 55
2 5121744 516685021 56
4 38 5243428
4 5 235560441
4 15 54061876
4 15 54061876
4 11 75161065
2 8370271 795162688 57
4 38 5888126
2 1017554 190062391 58
2 7105475 663391956 59
2 6939568 10768189 60
3 758175658 817063123 57
2 6543573 430012798 58
2 7736058 971813311 59
3 933976886 1000000000 57
2 108739223 878040600 58
2 2429748 808536177 59
2 3565853 183139238 60
2 1424290 410692423 61
2 8444883 583612580 62
2 4160896 789441997 63
2 7394105 2728082 64
2 8797902 659871619 65
3 82903696 114657319 64
3 1 10768193 62
3 384859916 797843701 34
2 4728725 195783486 35
2 7460794 80984191 36
2 8632075 124628220 37
2 5722200 806871237 38
2 5942577 216898986 39
3 47163200 271983100 26
2 4729570 120538119 27
2 7989011 715060836 28
4 25 995047
2 2828118 17986539 29
2 7058615 55612344 30
4 16 8861142
2 6596234 672104079 31
2 3618843 715580620 32
2 4823848 723866965 33
2 1867457 459508730 34
2 6891446 777648459 35
2 8307095 482463128 36
4 14 21223983
2 7429866 560028655 37
2 5144699 778464940 38
2 411400 109607349 39
3 453845255 586153626 36
2 4866765 580316054 37
2 4412306 764911991 38
2 4296451 835745300 39
2 2995312 42612336 40
2 6216460 907807593 41
2 996885 46201534 42
3 628285313 1000000000 21
2 3069558 255079947 22
2 4915159 296722264 23
2 7267188 45951153 24
2 3512797 249481446 25
2 949830754 346755975 26
2 629523 669257700 27
2 3432256 306001933 28
3 260667540 592257477 22
3 29310832 317701141 11
3 503621616 647315271 11
2 8410429 977706438 12
2 8595266 556256487 13
2 4016755 797209028 14
2 581947680 938664557 15
3 361390140 421717455 15
2 1532933 270451438 16
2 3630954 836677999 17
2 214464123 567266860 18
2 1667208 808832821 19
2 861921441 947361370 20
2 1899158 701540395 21
2 1955319 254791928 22
3 136241399 480432267 20
2 3092336 686753021 21
2 8283881 122426114 22
2 6001726 472427059 23
2 1694591 581645536 24
2 2401346 574111740 25
2 2921560 753626565 26
4 11 32282695
2 381999 500582864 27
4 12 28155805
4 26 79566
2 6257992 399312373 28
2 7137530 405534561 29
2 6640397 628932310 30
2 2429748 819256658 31
2 1932430 429071171 32
3 323282314 377523993 32
2 625307 383774156 33
2 4160896 56807848 34
2 29589828 350660033 35
2 1581805 694373302 36
4 10 71511693
2 758037656 774274693 37
2 5317617 493870186 38
2 5753254 140026875 39
2 1841607 388102536 40
2 2456868 44199969 41
4 31 6712678
2 8435755 675351964 42
2 8380664 254512869 43
2 6325073 346014538 44
2 4811142 982624091 45
3 54913831 393792078 37
4 25 6844880
2 5997315 209537153 38
2 2873005 588971894 39
2 6814962 310861271 40
2 9793891 145788660 41
2 1782096 294484189 42
2 816585 131177314 43
2 3441566 745028883 44
2 9572191 682776128 45
2 4602204 64243705 46
2 3103397 601473294 47
2 5571850 788938511 48
2 5132059 95522124 49
2 3476264 232872405 50
2 8700225 475649146 51
3 568092690 610429422 47
2 6367794 429852311 48
4 46 105701
2 7794801 679286762 49
2 4766422 124485542 50
2 7812770 312838983 51
2 6586579 733195428 52
2 534272 50864077 53
2 151865 614532242 54
4 6 182676786
2 4470932 316042961 55
2 7152125 59239046 56
2 7435010 91314855 57
2 1638963 715733124 58
3 552149631 987402930 33
2 8434812 111994649 34
3 356700120 430337277 30
2 4672817 988187562 31
2 4160896 121311078 32
4 13 20043736
2 788618440 918770421 33
3 373715642 571463494 29
2 1664909 929705942 30
2 2432850 996205751 31
2 952259 552565844 32
2 4599984 771548861 33
2 9911209 448828354 34
4 23 5181690
3 779949043 966629761 32
2 4614048 361152749 33
2 4314201 225767218 34
4 31 564789
2 1727540 463991281 35
3 748582544 980406007 34
2 4121865 114572450 35
4 18 9316429
2 8471614 12142116 35
2 8849024 311240013 36
2 964665 687542290 37
2 3161550 785025795 38
2 106413903 872048752 39
2 8370444 887678825 40
2 236949 901665470 41
2 2919866 836278271 42
2 4087691 432291452 43
2 4654168 391844421 44
3 4470918 430757084 12
2 2389213 125081318 13
2 9062370 5056903 14
2 3987347 968052196 15
2 4758848 403635725 16
2 5389689 245478866 17
2 4412306 347621390 18
2 6256266 285501967 19
2 1646363 717161036 20
2 6651944 112221397 21
2 6675777 25529210 22
2 8588726 176291019 23
2 3012503 113681176 24
2 1542196 928312177 25
2 5647389 9318566 26
2 3417378 6605895 27
4 7 134976446
2 1264033 189217370 28
2 1181206 907861547 29
2 7159415 505641208 30
2 7272724 108716497 31
2 2120189 474277254 32
2 1109122 440905639 33
2 388964403 401692548 34
2 3973628 53460704 35
2 1678332 173870617 36
2 8222917 384152238 37
2 3092336 431817386 38
2 2071654 852760891 39
2 2870535 863570888 40
2 4867684 912167777 41
3 962906121 1000000000 38
2 563321 698499410 39
2 777732494 364595011 40
2 859307919 344540080 41
2 8717644 131933609 42
2 523263573 296953854 43
2 3106426 416194111 44
2 8377931 226300860 45
2 737566 341613208 46
4 9 97483505
2 7927146 417225967 47
2 4300667 886890924 48
2 6805128 912706741 49
2 77985 765599706 50
2 5515158 85945259 51
2 5115511 655044728 52
2 3241364 952998737 53
2 6419453 128391430 54
2 7164546 849999143 55
2 9037491 80551172 56
2 4823848 484085856 57
3 12439819 164144527 47
3 626699 173870617 43
2 8370271 246721891 44
2 9461807 651139408 45
3 791082346 1000000000 32
2 7503944 705107829 33
2 1456225 273482650 34
2 8474966 368221291 35
2 7500568 570116919 36
2 1702979 35995860 37
2 8970288 232629565 38
4 25 12053207
2 978279 778389288 39
4 8 94738641
2 9766778 5266879 40
2 280008651 430726460 41
2 7066008 896900101 42
2 9013105 875379690 43
2 8150310 210143099 44
2 3437639 294465288 45
2 658748580 911538593 46
2 460877 175191062 47
2 6333330 769924599 48
3 859099342 926182161 45
2 8511955 468123599 46
4 15 30728981
2 6792041 590045698 47
2 4903614 994677043 48
4 35 6328705
2 4121865 372362797 49
3 387923196 500780259 36
2 9717037 471709381 37
4 7 133886387
2 1777583 880588496 38
2 9938540 722646601 39
2 2283509 375285790 40
2 1554074 145657311 41
2 4300667 965847531 42
2 3567031 733551032 43
2 228473428 9747857 44
2 3806909 69923398 45
2 6510786 641217383 46
2 7159415 166117363 46
2 3996223 938195872 47
2 4618940 749820889 48
2 8245381 733057390 49
2 1189226 857737199 50
2 9337723 892693164 51
2 945672 341135285 52
2 4618940 877600033 52
3 967683661 1000000000 51
2 2026425 263798290 52
2 182734 353075459 53
2 293711 212141680 54
2 185996 805342569 55
2 6512533 386982078 56
4 26 19426089
2 338949 59402592 57
3 118735392 237633180 48