1 100
120
0 15 422
111 104 987
109 107 363
106 109 124
102 107 578
108 103 644
111 106 473
111 110 530
103 106 817
101 107 164
107 110 605
102 111 77
107 108 580
101 103 582
104 103 865
108 101 991
109 111 302
102 108 586
102 110 156
102 103 236
107 103 255
104 105 495
104 101 436
109 103 765
101 111 67
104 106 533
104 107 462
105 111 822
205 207 212
211 206 394
211 205 820
206 207 600
203 202 79
206 201 878
206 209 629
205 209 708
204 206 950
204 207 579
211 202 627
208 203 73
205 202 919
208 206 694
209 207 214
210 202 948
203 209 473
211 209 63
207 208 285
208 202 997
207 203 873
207 210 713
209 202 286
210 209 358
203 204 35
210 211 385
202 201 78
311 301 513
309 304 76
309 311 968
310 303 341
303 302 733
304 306 101
308 309 371
305 301 830
310 304 715
305 310 456
306 305 58
308 304 657
303 311 284
301 307 667
307 311 642
305 302 655
307 306 217
303 307 357
305 303 43
306 302 855
301 306 726
308 302 105
307 302 137
311 304 522
304 301 774
306 303 392
301 308 542
311 310 607
307 305 189
411 404 737
406 405 391
402 408 559
402 404 74
401 411 276
407 403 617
403 411 98
401 402 126
404 405 654
408 407 717
411 405 800
403 402 889
411 406 63
401 404 459
410 407 921
405 410 838
410 408 131
409 406 602
404 408 641
409 411 343
411 402 219
403 409 54
403 405 878
410 411 143
407 411 859
503 504 996
502 512 30
504 507 904
510 504 314
508 502 166
511 504 547
512 503 111
503 508 807
502 509 546
510 501 534
507 512 258
512 506 222
512 501 864
508 512 244
511 512 306
502 505 518
503 507 435
510 512 996
512 505 602
508 509 935
507 501 161
510 507 996
510 505 394
509 510 837
606 610 193
606 603 823
609 608 97
601 607 508
610 605 209
611 608 569
606 608 579
602 604 983
607 603 789
608 610 628
610 603 124
607 605 257
610 609 675
604 612 984
603 612 848
610 601 560
607 609 771
603 609 353
601 603 494
601 605 700
602 603 73
602 608 625
602 605 678
609 602 67
704 710 535
701 706 788
708 704 36
709 707 260
702 708 639
703 710 701
702 706 426
705 701 136
704 701 94
707 703 822
704 705 627
703 705 215
709 710 447
711 703 692
703 709 610
708 711 257
701 702 557
708 701 991
704 707 946
703 704 680
708 707 452
701 709 970
710 707 246
705 710 723
811 809 287
808 802 508
812 803 666
807 801 382
801 810 276
811 803 324
801 802 919
801 804 949
808 806 765
810 809 91
812 807 651
807 805 69
803 806 561
808 811 934
808 801 971
809 801 440
807 809 133
811 807 566
812 805 91
805 804 49
809 806 922
804 803 710
805 808 780
809 812 949
803 801 645
808 803 437
812 806 975
911 906 66
904 902 34
902 905 248
903 911 88
901 903 807
902 903 612
901 902 793
910 902 791
903 904 150
910 907 124
901 911 193
902 909 438
908 910 785
911 910 205
904 911 815
912 904 115
901 910 329
905 908 162
908 912 219
908 902 280
908 911 944
903 907 528
906 902 988
911 909 909
910 903 130
909 908 49
1007 1005 853
1005 1008 344
1001 1004 803
1007 1002 683
1010 1005 740
1002 1010 530
1010 1003 842
1008 1003 138
1007 1010 552
1004 1008 216
1008 1010 459
1001 1009 136
1009 1010 701
1001 1007 937
1004 1005 209
1003 1007 425
1002 1001 432
1006 1005 116
1009 1005 118
1002 1009 834
1003 1002 353
1005 1002 275
1006 1010 266
1009 1003 874
1105 1107 43
1105 1110 650
1103 1109 108
1106 1103 46
1106 1109 312
1108 1104 524
1110 1109 256
1109 1101 487
1102 1103 565
1109 1108 503
1104 1103 779
1104 1102 523
1104 1106 101
1110 1104 324
1104 1107 748
1108 1110 178
1101 1103 578
1105 1101 467
1107 1106 174
1107 1103 88
1103 1108 926
1109 1104 252
1108 1105 47
1106 1108 76
1103 1105 837
1207 1211 421
1211 1210 308
1206 1205 766
1209 1208 813
1205 1209 316
1209 1202 886
1210 1209 667
1212 1207 992
1210 1212 398
1205 1210 298
1203 1206 879
1212 1201 186
1212 1209 694
1201 1208 978
1212 1205 480
1208 1206 265
1207 1205 193
1212 1204 649
1208 1207 187
1205 1202 71
1306 1307 426
1311 1303 299
1305 1306 128
1301 1311 505
1302 1311 254
1302 1301 842
1305 1303 825
1311 1304 944
1311 1308 937
1309 1303 385
1307 1305 224
1307 1304 196
1301 1306 928
1309 1304 863
1305 1311 421
1306 1311 296
1307 1302 94
1304 1303 895
1307 1303 708
1306 1309 753
1309 1308 311
1302 1310 871
1309 1301 828
1306 1308 509
1303 1306 417
1305 1302 645
1410 1404 741
1405 1406 68
1407 1402 315
1408 1406 865
1403 1401 829
1407 1404 743
1402 1404 877
1409 1403 859
1405 1409 609
1402 1408 261
1407 1406 834
1405 1407 869
1410 1407 775
1406 1404 446
1408 1405 619
1403 1405 86
1409 1406 287
1401 1405 62
1404 1401 558
1410 1406 802
1402 1405 517
1404 1408 353
1401 1409 792
1409 1407 148
1410 1408 62
1403 1404 925
1505 1507 443
1502 1508 914
1505 1501 826
1504 1505 921
1506 1507 713
1502 1505 790
1501 1509 493
1504 1507 997
1505 1510 624
1503 1510 945
1503 1506 396
1502 1507 920
1505 1503 41
1509 1505 548
1503 1508 351
1509 1503 700
1506 1502 900
1507 1501 177
1 1202 718
2 1002 832
3 303 609
3 702 211
1203 102 644
1301 101 56
1302 703 68
1201 1301 103
1103 303 627
1203 201 523
603 1502 328
702 301 704
601 1302 325
703 101 208
802 403 205
902 1303 696
501 903 53
203 702 679
101 1101 974
703 1503 728
903 1101 170
1203 801 69
702 1103 999
203 503 643
602 201 868
1501 1301 483
1201 401 328
703 1003 517
1001 102 435
202 402 998
201 302 910
501 1202 643
302 902 327
803 903 886
1102 1002 262
803 603 850
1501 803 553
801 302 309
1402 1501 819
901 202 828
1503 1201 44
201 1403 922
702 901 948
403 1303 811
601 1401 66
1001 203 507
603 702 146
1203 701 877
301 503 876
302 601 304
1 504 505 948
3 1 3 2854
3 1 2 3457
2 1002 1005
3 3 1 2854
3 2 3 2661
1 1507 1503 804
3 3 2 2661
2 603 601
3 1 3 2854
1 101 102 476
3 2 3 2661
1 804 807 161
3 2 3 2661
3 2 3 2661
1 1509 1510 136
3 3 2 2661
1 201 209 941
3 2 3 2661
2 808 811
3 2 1 3457
1 410 404 597
3 2 1 3457
1 1401 1402 687
2 1103 1107
3 2 1 3457
3 1 2 3457
3 1 2 3457
2 404 410
1 207 201 234
3 2 3 2661
3 3 2 2661
3 3 1 2854
3 3 1 2854
3 2 3 2661
1 1105 1109 372
3 1 3 2854
2 309 310
3 3 2 2661
2 512 502
3 3 1 2854
2 207 210
3 2 3 2661
1 101 106 706
3 2 1 3457
1 1206 1202 577
3 3 2 2661
1 1301 303 387
3 2 3 2661
1 1101 1107 625
3 3 2 2661
2 1106 1109
3 3 1 2554
1 1003 1001 971
3 1 2 3457
3 2 1 3457
1 504 506 379
3 1 3 2554
3 2 1 3457
2 410 407
3 1 2 3457
3 3 2 2661
1 905 904 490
3 1 2 3457
1 205 201 574
1 1310 1305 282
3 1 2 3457
3 2 3 2661
2 1202 501
3 1 3 2554
2 1201 1212
3 1 2 4149
3 3 2 2661
1 901 904 251
3 3 1 3246
2 1202 1212
3 3 2 2661
2 501 503
3 3 2 2661
2 506 509
3 2 1 4149
1 1403 1406 758
3 3 1 3246
2 1109 1103
3 2 1 4149
1 1107 1108 215
3 2 3 2661
2 705 704
3 2 1 4149
3 3 2 2661
3 3 1 3246
1 905 909 381
3 3 1 3246
3 3 1 3246
2 302 310
3 3 1 3246
3 3 2 2661
3 1 3 3246
1 503 509 588
3 3 1 3246
2 504 501
3 1 2 4149
3 3 1 3246
3 2 1 4149
1 105 110 558
3 1 3 3246
3 3 1 3246
2 1010 1002
3 3 2 2661
1 1204 1210 82
3 3 2 2661
1 1304 1301 698
3 3 2 2661
2 1502 1508
3 1 2 4149
3 3 2 2661
2 1505 1504
3 3 2 2661
3 3 1 3246