1 100
68
100 5 10
200 71 10 15 3
200 28096482 8 8 3
200 909139 5 15 3
200 7187 13 2 3
200 305887 2 15 2
200 787 10 14 2
200 3892808 7 21 3
200 6144676 9 18 2
200 1 13 18 1
200 5038733 6 6 2
200 206 5 8 1
200 8 14 19 2
200 6336 22 22 2
200 6660 6 7 1
200 75 11 15 3
200 4385052 6 18 3
200 4460631 12 20 2
200 9 20 2 1
200 4083257 22 16 3
200 1732 1 18 1
400 9 3 1
200 203118 8 17 1
200 15 12 1 3
200 189648 15 7 3
200 2 7 7 2
400 12 14 2
200 55479259 20 10 1
200 18 6 21 2
400 13 22 2
200 5 5 20 3
400 19 6 -1
200 4296 9 4 3
200 29760 19 14 1
300 1732
300 203118
200 784360 10 12 3
400 7 18 3
300 4083257
200 96311609 7 18 3
400 18 19 2
300 55479259
400 14 5 3
400 17 22 2
200 134 20 9 3
400 9 5 2
300 4385052
400 15 19 2
200 5502 5 3 2
200 5839 20 22 2
400 11 8 3
400 15 1 3
400 6 12 1
400 11 11 3
200 77 6 10 3
200 36630330 2 10 3
400 22 18 2
200 7977 17 11 1
400 4 17 3
400 4 14 3
200 7351 17 16 1
400 9 12 3
200 1262749 5 19 3
300 18
400 1 14 3
300 71
200 95 15 9 1
400 12 13 2