1 100
1241
100 500 10 3 6 2 2 6 3 2 0 2 5 0 8 2 4 2 9 7 4 1 5 0 0 1 7 9 7 0 6 1 1 9 9 0 5 9 2 1 8 4 9 9 9 5 0 2 7 5 0 5 9 2 5 4 0 5 5 3 2 2 6 9 1 2 9 0 3 2 9 7 6 4 7 0 4 8 6 8 8 2 3 2 5 9 6 9 9 3 2 4 9 6 0 9 3 9 7 7 1 8 5 2 9 9 9 0 6 8 6 1 3 0 7 4 9 3 2 7 5 0 3 2 1 5 9 2 2 3 6 9 9 1 4 4 4 9 1 8 5 7 9 1 9 3 6 6 8 1 4 4 3 2 7 6 1 2 1 7 6 5 9 4 7 9 7 7 1 6 6 1 4 2 4 8 8 9 8 1 9 1 8 1 1 5 0 7 3 3 8 0 1 9 2 6 6 7 5 6 6 4 2 7 1 7 5 5 6 0 1 1 7 1 5 6 4 7 2 8 5 4 1 1 0 7 9 5 9 0 5 7 2 3 1 2 5 3 6 3 9 2 9 4 1 2 6 9 7 2 8 7 6 8 3 0 2 4 3 2 2 4 3 3 4 5 3 9 8 4 2 4 1 1 0 3 8 8 9 7 8 2 1 4 7 8 2 4 1 9 9 1 2 5 7 1 4 7 0 3 4 8 3 4 8 2 9 3 8 1 4 5 3 6 3 9 6 2 3 2 1 6 9 3 1 9 3 5 9 7 8 2 5 3 5 2 3 9 4 7 5 7 2 3 9 4 6 7 1 2 0 2 3 9 1 8 9 4 8 7 8 5 2 4 9 5 0 2 4 9 2 6 4 6 0 5 9 5 5 3 5 5 1 5 2 9 6 2 9 0 3 8 8 8 8 8 2 0 4 1 4 5 0 3 3 6 2 2 5 2 0 1 5 2 3 8 6 1 9 3 6 0 0 6 2 9 1 0 3 7 9 6 8 5 2 3 3 4 2 9 7 1 8 0 1 1 1 6 1 5 2 3 0 2 2 2 3 4 7 9 6 4 8 9 0 1 6 6 1 0 5 6 6 0 6 0 1 2 9 4 8 6 4 4 1 8 9 5 5 2 0 4 1 3 3 0 8 1 9 5 3 1 28 74 81 56 92 86 89 54 19 2 10 66 20 2 27 4 97 93 90 65 18 72 97 44 43 75 47 45 77 91 19 50 57 2 17 80 42 2 39 39 46 83 13 88 89 40 25 76 90 2 16 56 43 81 99 59 69 61 48 41 46 46 66 20 94 32 16 2 87 24 71 53 36 57 95 50 26 76 66 77 54 13 9 28 28 23 41 32 59 32 36 55 91 15 85 40 10 8 95 69 39 19 43 68 38 53 53 19 90 21 19 60 85 61 42 57 12 59 71 61 24 4 99 6 90 4 35 85 92 92 21 17 58 39 62 40 23 10 66 36 85 44 71 91 64 2 41 68 11 32 51 60 57 77 9 30 45 71 29 83 83 34 78 58 89 88 16 74 71 88 62 99 3 91 54 24 53 8 80 100 65 70 31 60 64 4 87 83 71 56 89 43 100 93 31 97 95 51 45 92 86 63 21 51 85 60 88 58 35 100 18 13 58 85 74 42 75 16 68 34 32 81 97 23 85 17 31 45 52 99 6 68 52 59 72 56 54 34 41 14 3 80 96 80 95 69 96 100 29 65 8 70 45 20 44 69 25 2 10 70 56 48 38 58 70 53 93 91 86 46 34 58 6 74 72 60 27 35 94 20 23 51 12 27 9 64 75 41 24 29 20 89 52 70 97 64 23 36 83 50 69 75 34 8 41 50 56 25 26 10 83 30 95 59 98 93 72 85 16 13 38 93 26 32 67 50 55 12 47 84 51 15 12 52 93 67 87 62 71 35 77 70 59 76 75 88 72 73 66 8 77 47 8 74 78 85 13 91 37 73 59 22 94 13 70 96 48 20 9 84 94 31 82 12 38 24 2 54 53 49 75 72 53 18 85 1 10 79 50 77 14 4 94 61 57 89 87 68 81 33 85 3 16 3 63 10 53 53 5 93 82 32 96 65 89 86 77 20 38 99 59 80 10 7 100 89 71 6 83 86 98 60 81 56 76 25 24 62 82 95 58 22 10 35 12 31 7 96 5 61 96 39 98 17 98 8 81 18 81 40 35 13 15 100 8 65 69 57 47 44 91 30 55 8 9 99 24 91 89 6 39 39 66 21 81 91 32 78 53 72 49 55 66 33 34 74 98 68 100 
500 351 56 15666
400 3 227 2076
500 205 338 6849
500 128 293 8936
500 262 165 5507
500 140 268 7253
500 62 352 15221
500 218 498 14681
300 60 99
500 35 341 15975
400 2 295 4068
500 430 274 8375
500 189 88 5278
300 381 62
500 106 124 839
500 449 130 17344
300 82 94
500 486 409 4272
500 275 139 7782
500 191 88 5423
500 416 451 1931
500 284 496 11357
500 130 182 2785
500 129 289 8790
300 269 38
500 472 90 20591
500 25 9 757
500 485 416 3630
500 401 135 14606
500 213 214 85
500 124 393 14650
500 93 418 17495
500 414 425 668
500 125 393 14547
500 298 17 15061
300 107 97
500 455 343 6195
500 366 477 5758
300 162 32
300 435 21
500 285 332 2419
300 48 84
500 301 296 252
500 255 368 6013
500 185 87 5112
500 372 109 14343
300 310 65
500 270 109 8905
500 216 428 11277
300 451 34
500 32 223 10322
500 369 393 1147
500 207 353 7732
500 8 116 5479
500 293 195 5292
300 426 94
300 489 23
500 462 132 17956
300 73 40
500 483 124 19453
500 86 200 6194
400 6 267 2672
500 171 242 4115
500 263 311 2385
500 176 239 3747
500 446 33 22199
500 54 150 4860
500 471 91 20616
500 163 52 5658
300 193 71
500 91 149 2909
500 56 150 4702
500 108 72 1805
500 151 133 835
500 122 51 3652
500 457 210 13247
500 152 59 4634
300 490 27
500 291 2 15410
500 436 392 2658
400 6 252 2581
500 461 150 17099
500 95 97 50
500 379 498 6364
300 173 2
500 141 405 14274
500 191 406 11554
500 396 225 9004
500 56 237 9727
500 262 299 1920
500 329 352 1422
500 314 285 1450
500 166 3 8370
500 229 156 4274
500 457 429 1540
500 429 392 2181
500 478 284 10377
500 301 82 11651
500 241 469 12249
500 270 422 8067
500 467 51 22307
500 209 211 118
300 410 54
500 465 92 19980
500 114 30 4251
400 7 230 1975
500 332 401 3872
500 161 36 6275
500 382 165 11774
500 101 307 10887
300 122 48
300 453 12
500 451 41 21732
500 435 82 18759
500 426 113 16622
300 304 36
300 326 48
500 220 254 1883
500 488 251 12377
500 102 118 852
500 68 255 9946
500 298 146 8173
300 182 100
500 490 289 10672
500 90 165 3676
500 85 289 10709
500 358 487 6748
500 193 253 3460
300 82 24
500 61 387 17009
300 0 87
500 207 178 1998
500 25 288 13734
300 422 85
400 0 222 1982
300 289 71
500 472 435 1752
500 285 227 2960
300 390 22
500 70 199 6653
500 51 414 18980
500 100 461 19191
500 109 454 18330
500 304 318 808
500 409 384 1183
500 469 375 4917
500 332 80 12976
500 288 285 180
500 298 299 83
500 431 368 3398
500 37 51 629
300 100 51
300 380 91
500 80 41 2110
500 174 116 2837
500 444 218 12022
300 49 50
500 298 95 10661
500 438 63 19738
500 342 139 10905
300 472 5
500 215 180 2211
500 293 66 11709
300 120 98
300 445 93
500 132 18 5744
500 30 476 23368
500 38 489 23799
500 233 362 6818
500 89 210 6560
400 5 263 2634
500 4 434 22783
500 416 429 786
500 491 214 14553
500 233 199 1884
500 241 414 9134
500 306 220 4403
300 13 17
500 42 385 18155
500 403 15 20443
500 105 42 3123
500 312 334 1161
500 233 240 322
500 88 151 3093
500 381 80 15845
500 303 40 13880
500 181 119 3163
500 418 231 9848
300 387 8
500 152 256 5935
500 74 457 20367
500 477 141 17938
500 133 91 2142
500 401 381 1042
500 346 156 10393
400 9 259 3136
500 112 10 5049
500 408 128 14862
500 61 71 444
500 51 168 5864
500 65 271 10834
500 447 318 6871
300 175 29
500 435 93 18347
500 420 255 8550
500 217 444 12005
500 88 38 2539
500 336 182 8258
400 7 237 1813
500 22 50 1420
300 423 69
400 6 275 2752
500 128 215 4891
500 51 428 19994
300 219 41
300 356 69
500 287 344 2992
500 208 279 3765
500 167 477 16780
500 78 372 15647
500 181 272 5188
500 280 110 9203
500 61 86 1128
500 384 467 4504
500 224 1 11784
500 109 187 3993
500 98 252 8526
500 72 78 322
500 380 202 9389
500 69 478 21660
500 184 296 6101
500 193 147 2593
500 288 274 613
300 381 46
500 80 451 19752
500 452 448 200
500 319 14 16010
300 180 12
500 127 348 11900
300 277 92
400 7 245 1769
500 321 200 6290
500 486 481 302
500 371 155 11855
400 2 300 4761
500 182 470 16063
500 482 222 14139
500 428 166 14585
500 312 251 2964
300 464 48
500 73 209 7298
500 203 337 7142
500 50 62 749
500 465 109 19523
500 43 480 23750
500 433 477 2198
500 134 265 7182
500 246 481 12770
500 238 203 1901
500 441 2 23911
500 224 316 4936
500 343 348 388
300 302 48
500 116 115 76
500 70 63 245
500 419 137 15398
500 454 216 13135
500 25 351 17492
500 57 484 23054
500 186 257 4209
500 184 84 5085
500 122 255 7381
500 375 335 2449
500 400 406 190
300 302 2
300 1 15
500 183 383 11100
500 395 468 4235
500 283 271 594
500 144 487 18820
500 48 220 9231
500 353 479 7023
500 418 147 14823
500 190 403 11693
500 262 175 4938
500 339 319 982
500 48 325 14783
500 143 148 277
300 287 96
500 32 31 50
500 265 204 3287
500 24 319 15758
500 151 381 12791
300 130 72
500 11 337 17355
500 248 107 7998
500 464 19 24174
500 84 157 3603
500 246 283 1941
500 245 271 1400
500 391 288 5509
500 195 244 2840
500 481 86 21537
500 353 12 18266
500 313 476 9127
500 477 128 19182
500 368 79 15708
500 437 313 7126
500 339 471 7515
500 225 243 949
500 496 257 12951
500 173 165 528
500 7 286 14748
300 129 32
500 142 44 5024
500 50 265 11480
500 69 231 8582
500 418 194 12251
500 221 385 9005
500 150 303 8530
500 459 160 16768
500 340 185 8522
500 295 103 10535
500 80 320 12770
500 161 75 4266
500 99 226 6943
500 115 24 4625
500 474 115 19665
500 137 333 10597
500 443 150 16362
500 90 61 1330
500 45 327 15040
500 496 202 15974
500 369 15 19115
500 122 114 414
500 249 77 9367
500 467 391 4406
500 116 406 15678
500 393 423 1785
500 433 200 12914
500 495 173 17700
500 93 302 11345
500 400 2 21428
500 287 311 1152
500 50 68 990
500 330 372 2529
500 266 34 12372
500 447 199 13663
500 304 160 8021
500 335 301 1680
300 158 75
500 439 186 14272
500 402 171 12725
500 193 444 13951
500 217 377 8674
500 262 464 11202
500 421 177 13515
500 271 159 6444
500 25 407 20453
500 409 118 15777
500 231 210 1048
300 248 78
500 282 256 1370
500 164 119 2262
500 300 62 12764
400 7 237 1670
300 304 19
500 64 289 11957
500 227 433 11472
500 26 353 17447
500 267 375 5924
500 386 209 9576
500 301 233 3732
500 232 173 3349
500 411 190 12082
500 152 135 772
500 345 489 7991
500 496 103 21423
300 425 70
500 449 316 7390
500 373 324 2909
500 136 194 3166
500 181 158 1266
500 257 28 12290
300 295 23
400 6 258 2728
300 254 84
500 455 192 14711
400 3 245 1917
300 183 32
500 481 207 14804
300 463 33
500 301 51 13392
500 163 139 1232
500 161 444 15635
500 303 278 1228
500 429 297 7231
500 392 189 11049
500 36 420 20486
300 68 26
500 144 248 5933
500 110 178 3415
500 390 19 19679
500 132 452 17552
500 39 277 12763
500 2 359 19074
500 84 412 17436
300 257 42
500 385 154 12804
500 86 82 105
500 52 184 6734
500 338 362 1506
500 432 368 3556
500 282 392 5694
500 360 389 1385
500 131 211 4400
500 406 389 868
300 313 42
400 7 280 1766
300 31 54
500 397 112 15582
500 188 321 7401
500 343 320 1198
500 307 53 13590
300 86 69
400 7 256 1766
300 54 62
500 438 107 18264
500 79 445 19839
500 346 337 586
500 432 382 2878
500 100 140 1993
500 314 311 162
300 170 18
500 335 499 9076
500 238 120 6411
500 74 289 11611
500 412 494 4517
500 462 11 24256
500 429 85 18687
500 342 119 12039
500 243 260 1028
500 437 207 12644
500 223 150 4186
500 493 116 20413
500 475 236 12931
300 124 78
500 212 120 4958
300 132 94
500 263 237 1475
500 188 10 8983
500 406 497 5030
500 391 40 18763
300 58 27
500 189 433 13732
300 456 77
500 467 74 21284
500 282 393 5799
500 115 358 13305
500 12 114 5109
500 226 185 2445
500 487 406 4515
500 305 56 13180
500 451 88 19813
500 33 163 6453
500 52 142 4460
500 52 495 23677
500 358 87 14706
500 95 241 7726
500 45 168 6164
500 85 98 541
500 441 155 16001
500 261 288 1502
500 488 236 13694
500 211 246 1940
500 166 380 11826
500 490 404 4752
500 244 106 7535
500 458 30 23003
500 340 236 5520
500 148 332 9987
500 97 15 4105
500 339 32 16154
500 440 51 21103
500 398 288 5882
300 47 54
300 64 19
500 75 77 80
500 420 63 18930
500 278 354 3969
500 213 439 12508
300 27 57
500 194 241 2557
300 367 70
500 99 342 13094
500 105 279 9708
400 7 252 1717
500 410 209 10792
500 75 339 13991
500 498 72 22915
500 404 489 4725
500 297 316 937
500 146 170 1297
500 219 119 5450
300 324 51
500 492 494 90
500 154 265 6247
500 153 137 771
300 416 49
500 0 303 16017
500 33 238 10611
500 472 190 15621
500 343 424 4596
500 391 324 3671
500 298 195 5773
500 314 127 10113
500 182 404 12213
500 98 134 1928
500 186 296 6341
500 471 417 3044
500 259 449 10360
300 74 2
500 73 457 20795
500 154 44 5361
500 423 25 21096
400 3 211 1569
500 375 25 18313
300 493 1
500 295 346 2518
500 23 259 12143
300 400 49
500 10 448 22974
500 423 273 7981
500 21 259 12302
500 147 373 12425
500 394 130 14160
500 238 8 11599
500 42 402 18799
500 126 41 4029
500 51 352 15632
500 405 453 2873
500 4 10 349
500 321 111 11159
500 447 230 11653
500 200 468 14411
500 180 127 2743
300 421 75
300 167 59
500 319 321 38
300 437 47
500 149 74 3579
500 127 407 14993
500 450 59 20505
500 124 127 105
300 52 15
500 421 134 15365
500 6 30 1243
500 154 431 15130
500 343 4 17351
500 227 192 2040
300 134 79
500 84 411 17233
500 193 285 5093
300 220 2
300 482 51
500 112 432 17290
500 282 437 8283
500 475 223 13355
300 56 16
500 81 212 6744
300 445 70
300 123 78
500 7 270 13520
500 166 223 3209
500 494 276 11335
500 489 221 14281
500 357 349 437
500 80 4 3656
500 193 225 1858
300 28 19
500 342 50 14969
500 484 252 12104
500 24 104 3607
500 246 275 1614
300 419 7
500 85 406 16968
500 240 165 4117
500 28 434 21198
500 382 399 903
400 2 299 5371
500 333 331 32
500 142 177 1760
500 174 299 7147
500 167 205 2278
500 3 434 23151
400 2 258 5385
300 478 24
500 91 9 3785
500 288 50 12679
500 327 9 16571
500 394 293 5450
500 3 225 11538
300 80 14
500 73 399 17691
500 284 395 6001
500 269 441 9403
500 134 445 17097
500 72 297 12078
500 395 419 1285
300 323 89
500 10 441 23102
300 65 24
500 389 28 19193
500 45 458 22270
500 380 329 3011
500 489 184 16887
300 153 1
500 376 443 3629
500 462 373 4752
300 449 61
500 158 282 7149
500 21 174 7428
500 417 397 1057
500 19 364 18295
500 466 29 23366
500 123 259 7520
500 35 107 3350
500 355 216 7660
300 142 33
500 228 86 7527
300 81 48
500 416 144 15014
500 387 128 14270
400 5 217 2228
500 257 6 12875
500 157 60 4519
500 233 57 8963
300 325 99
500 143 232 4764
500 448 430 974
300 217 21
500 345 487 7602
500 164 371 11723
500 499 288 11162
500 462 402 3327
300 304 93
500 198 65 6583
300 443 76
400 9 219 2763
500 89 369 15003
500 168 457 15948
500 266 422 8382
500 427 321 5807
500 233 282 2801
500 468 139 17768
500 182 449 14683
500 56 156 4522
500 468 477 342
500 143 120 1156
300 188 71
300 492 84
500 467 46 21978
500 235 167 3785
500 42 255 10860
500 383 317 3638
300 314 55
500 496 394 5216
500 122 53 3140
500 42 356 16174
500 390 24 18716
500 319 98 11737
500 9 15 164
500 83 104 879
500 79 131 2464
500 486 70 21680
500 210 423 11338
500 31 79 2161
500 250 328 3880
500 281 206 4173
400 4 202 2066
500 235 412 9170
500 436 45 19801
500 306 211 4955
500 271 350 4036
500 183 89 4450
300 361 13
500 110 478 19064
300 211 42
500 339 418 4198
500 178 194 1024
500 464 172 15480
500 155 245 4939
300 306 56
500 241 145 4862
300 429 67
500 18 380 18179
300 186 32
500 494 392 5170
500 21 99 3388
500 389 95 15135
500 356 10 17226
500 386 441 2934
500 360 400 1979
500 108 150 1972
300 209 8
500 439 220 11523
500 49 235 8924
500 258 181 4381
500 75 338 13213
500 474 309 8629
500 19 422 20097
300 77 12
300 292 60
500 140 178 1684
500 203 405 10480
500 62 94 1143
300 476 82
500 99 27 2999
500 334 56 13623
500 419 33 19210
500 493 167 17017
500 130 462 17277
500 322 405 4334
500 132 24 4823
500 187 233 2640
500 394 246 7682
500 348 186 8748
500 151 348 10337
500 119 201 4197
400 8 295 2373
500 304 187 6452
500 236 400 8784
500 149 475 17185
300 39 87
300 410 23
300 373 92
500 68 348 14197
500 266 362 5180
500 344 458 6318
500 425 442 983
500 154 121 1468
500 70 54 659
500 447 190 13871
300 372 47
500 107 481 19582
400 9 264 2954
500 252 159 5207
400 8 213 1953
500 366 355 710
500 98 253 8118
500 290 489 10168
500 7 383 18674
500 359 294 3373
500 214 396 9541
500 368 331 2171
500 487 150 17487
300 83 69
500 56 13 2083
500 314 450 7241
500 241 134 5293
500 88 136 2358
500 457 4 22932
500 162 398 12476
500 165 250 4773
500 98 99 90
500 373 188 10046
500 396 469 3792
300 434 41
500 335 366 1901
500 389 204 9647
500 94 382 14910
300 457 78
500 492 490 57
500 286 277 435
500 489 431 2898
500 305 126 9179
500 478 499 959
500 321 198 6346
500 178 271 5223
500 208 170 2123
300 281 23
500 401 499 4943
300 75 82
500 58 222 7818
300 220 81
500 135 446 16130
300 88 12
300 181 80
300 103 33
300 153 42
500 167 40 5788
500 63 99 1274
500 0 433 21986
500 179 114 3051
500 260 179 4622
300 458 74
500 307 61 12180
500 395 474 4085
500 311 286 1164
500 430 224 10810
300 317 8
500 260 427 8554
300 254 96
500 274 494 11137
500 136 190 2505
300 201 95
500 332 334 53
300 47 88
500 305 201 5496
300 305 70
500 278 351 3677
500 456 112 18063
500 494 153 17751
400 0 264 1854
300 395 45
300 196 44
500 465 469 225
500 407 182 11897
500 476 377 5033
300 358 32
500 267 150 6319
500 115 477 18819
500 435 405 1666
300 99 41
500 131 85 2181
500 8 294 14123
500 62 460 20237
500 499 226 14176
500 499 292 10567
500 445 121 16739
500 274 305 1505
500 384 213 9062
500 377 309 3642
400 6 239 2415
500 439 349 4607
500 167 360 10274
500 203 270 3705
500 341 88 12676
500 80 490 20684
500 480 22 22892
500 247 147 5365
300 473 14
500 422 420 146
500 230 379 7804
500 404 328 3947
500 417 175 12711
500 358 467 5618
500 188 25 7402
500 356 436 4128
500 415 131 14539
500 306 87 11089
500 1 416 20729
500 20 210 8993
500 447 359 4429
300 314 96
300 220 26
500 211 216 288
500 168 160 382
500 419 119 15364
500 211 340 6633
500 136 143 265
500 66 438 18578
500 107 255 7741
500 442 482 1957
500 119 17 4616
500 180 193 745
500 26 245 10563
500 259 432 8938
500 491 347 7309
500 228 472 12823
500 442 62 18986
500 44 462 21066
500 203 67 6362
300 149 77
500 119 10 4849
500 279 133 7719
500 312 410 5102
500 210 105 5371
500 91 423 16936
500 299 77 11162
500 345 471 6684
500 30 126 4276
500 53 342 14215
500 339 24 15440
500 279 307 1256
500 65 440 18830
300 315 99
500 244 5 11562
500 169 459 15349
500 151 75 3489
500 369 143 11924
500 202 37 7880
300 43 11
500 58 49 411
300 460 29
500 154 94 2870
500 178 364 10016
300 355 50
500 426 194 12116
500 182 403 11623
500 48 131 3670
500 458 190 14266
500 84 207 6060
500 412 149 13594
300 183 35
500 445 81 18469
500 394 403 396
500 19 161 6452
500 317 209 5650
500 170 14 7191
500 255 158 5318
500 366 72 14906
300 402 48
500 69 255 9278
300 230 53
500 196 37 7383
500 87 380 15043
500 27 51 1129
300 160 26
500 161 447 14928
500 405 383 1019
500 485 189 15536
500 164 6 7118
500 275 65 10355
500 489 325 8502
500 458 419 2274
500 326 202 6452
500 334 343 517
500 202 16 8868
500 365 244 6413
500 371 266 5594
500 25 152 5706
500 379 489 5570
500 12 34 1000
500 364 123 12536
300 393 75
500 137 478 17707
500 311 204 5555
500 226 269 2536
300 492 5
500 331 452 6417
500 490 325 8505
500 147 274 6757
300 401 97
300 49 51
500 194 223 1568
500 272 315 2052
300 333 62
300 353 82
500 4 481 23979
500 110 403 15230
500 405 99 15865
300 243 8
500 83 301 10950
500 440 338 5562
500 157 54 4522
500 333 4 16039
500 149 163 658
300 369 65
500 177 411 12374
500 420 483 3310
500 430 305 6633
500 210 383 9133
500 455 139 16674
500 67 94 971
500 485 180 16029
500 486 432 2643
500 340 213 6571
500 380 106 14228
500 80 101 809
300 495 60
500 49 184 6041
500 186 144 1902
500 476 42 21831
500 185 218 1857
300 316 56
500 158 358 10510
500 259 313 2626
300 41 47
300 71 80
500 71 115 1851
300 322 62
500 132 411 14386
500 40 465 21452
500 423 231 10034
300 234 29
500 450 311 7416
500 185 486 15810
500 235 216 1003
300 194 10
500 485 222 13683
500 495 325 8741
300 199 69
300 265 77
500 174 117 2698
500 24 440 20810
500 80 312 11372
500 357 189 8910
500 36 138 4523
400 1 269 3166
300 469 15
500 473 113 18675
500 221 205 763
500 251 175 4197
300 305 13
400 0 228 1504
500 203 323 6077
500 220 436 11321
500 344 423 4190
500 160 497 17199
500 220 106 5702
500 171 296 6575
500 451 237 11264
500 41 311 13018
500 463 210 13252
300 139 27
500 121 407 14611
500 28 33 221
500 60 319 12540
500 281 260 1171
300 358 9
500 289 406 5974
500 376 301 3950
500 485 265 11276
500 231 248 1051
500 243 253 619
500 111 422 15887
500 401 283 6011
500 270 354 4217
500 492 4 24123
500 488 323 8612
500 66 119 2169
500 110 310 10002
500 93 499 20491
500 120 460 17678
300 291 69
500 256 328 3470
500 175 167 347
400 0 235 1361
300 381 45
500 30 451 20864
500 479 95 19448
500 350 441 4750
300 15 64
400 0 208 1087
300 121 64
500 0 310 14889
500 341 149 9701
500 162 72 4032
500 315 368 2956
500 329 36 14044
500 320 88 11363
500 387 280 5328
500 390 217 8854
500 93 239 7149
500 226 296 3759
500 165 488 16407
500 122 48 3189
500 253 372 6126
500 137 281 7371
500 106 316 10607
500 371 150 11426
500 429 261 8565
500 257 185 3862
500 361 255 5409
500 392 99 14724
500 389 323 3478
500 1 199 9237
500 483 52 21161
500 156 3 6947
500 233 456 11545
500 49 265 10279
500 486 300 9350
500 382 44 16663
500 485 217 13558
500 319 380 3300
300 445 38
500 14 337 15547
500 21 406 18748
300 335 51
300 102 9
500 210 329 6021
500 86 357 13546
500 490 138 17702
300 52 17
500 86 454 18575
500 359 62 14504
500 146 293 7539
500 239 237 93
500 20 422 19526
500 217 386 8724
500 168 357 9742
500 171 142 1387
500 357 337 1185
300 112 36
500 352 465 5748
500 197 260 3301
500 474 369 5131
400 1 200 2464
500 461 229 11862
500 39 224 8265
300 385 2
500 496 33 21766
500 47 205 7050
500 400 173 11299
500 452 431 1027
500 201 45 6892
500 227 203 1055
500 141 207 3143
500 191 2 8407
500 156 42 4869
400 3 259 1884
500 214 253 2087
500 276 368 4655
500 389 222 8421
500 131 391 12680
500 419 249 8318
500 377 117 12876
500 50 409 16996
500 57 356 14167
500 67 158 3863
500 178 154 953
500 466 268 9754
300 83 93
500 201 429 11392
500 162 91 3186
500 479 149 16271
500 142 352 10347
300 463 18
300 115 19
500 318 125 9242
500 148 229 3735
500 372 37 15885
500 26 349 15101
500 439 331 5546
500 180 351 8624
500 306 462 7905
500 353 424 3554
500 387 190 9985
400 3 274 1992
500 166 14 6623
500 32 273 11101
500 220 414 9797
500 179 43 5819
500 410 291 5923
300 430 51
500 336 491 7589
500 432 210 11268
500 63 93 1085
500 415 18 18802
500 159 37 5223
500 424 361 3054
500 109 300 9208
500 219 372 7876
300 370 44
500 439 344 4798
300 96 89
500 418 355 3070
500 380 456 3803
400 8 297 2208
500 304 302 8
500 216 237 1053
500 251 285 1668
500 174 255 4248
300 53 99
500 184 20 7188
500 17 64 2202
300 349 9
500 394 140 12727
500 402 343 3094
300 98 63
500 94 252 7678
300 286 26
300 376 55
500 74 299 10768
500 138 251 5639
300 46 25
300 92 59
500 450 373 3770
500 268 111 7784
500 148 318 8394
500 433 122 15616
500 329 353 1307
500 290 140 7507
500 11 93 3553
500 151 321 8277
500 95 113 760
500 168 59 4699
500 413 383 1446
500 337 189 7495
500 390 459 3623
500 289 164 6328
500 340 12 15429
300 174 67
500 329 188 7140
500 340 247 4571
500 11 199 8447
300 331 2
500 259 334 3600
500 412 62 16837
500 467 25 21349
500 298 161 6859
500 478 27 21749
500 425 434 532
400 1 230 2186
500 471 293 8836
500 497 124 18068
500 188 306 5975
300 338 71
500 21 356 15777
500 364 495 6117
500 59 459 19379
500 47 272 10543
500 350 8 15997
500 16 113 4131
500 119 338 10665
500 467 283 9138
400 0 210 913
500 324 68 11914
500 400 496 4347
500 379 358 1042
500 284 2 13144
500 177 10 7112
500 344 221 6199
500 293 54 11096
500 275 429 7632
500 344 120 10933
500 293 262 1578
500 60 281 10329
500 210 100 4983
300 149 89
500 402 219 9270
400 0 213 736
300 333 30
500 347 364 879
500 62 462 19022
500 328 200 6233
300 68 96
300 452 2
500 198 174 1219