1 100
5 6 7 9 6 5 
100 1 1 1 2 2 2 18316
100 1 2 2 3 1 1 12153
100 1 3 2 3 2 1 18961
100 1 4 2 3 2 2 14895
100 1 5 1 2 1 2 17512
100 1 6 1 3 1 2 19599
100 2 7 1 3 1 1 18921
100 2 8 1 2 1 1 13749
100 2 9 1 3 2 2 19438
100 2 10 1 2 2 1 15686
100 2 11 2 2 2 2 15059
100 2 12 2 2 1 2 11692
100 2 13 1 2 1 2 10524
100 3 14 2 3 2 2 10713
100 3 15 1 3 1 1 11860
100 3 16 2 3 2 1 14504
100 3 17 1 3 1 1 19513
100 3 18 1 3 2 2 17859
100 3 19 2 3 1 1 10252
100 3 20 2 2 2 2 19789
100 3 21 2 2 2 1 11997
100 3 22 2 3 2 1 12421
100 4 23 2 3 2 2 17056
100 4 24 1 2 2 1 10252
100 4 25 1 3 2 2 13669
100 4 26 2 2 2 1 16956
100 4 27 1 2 2 2 13430
100 4 28 2 3 1 1 13164
100 5 29 2 3 1 2 12097
100 5 30 2 2 2 1 16066
100 5 31 2 3 1 1 16946
100 5 32 2 3 1 1 17309
100 5 33 2 3 1 2 14480
200 17 18 1 2 2 2 27
200 21 25 1 2 2 2 27
200 42 44 1 3 2 2 25
200 45 48 2 3 1 1 19
200 90 94 2 2 1 2 12
200 16 18 2 3 2 2 14
300 5 84585
200 59 62 2 3 2 2 14
200 70 75 1 2 1 2 13
300 4 92977
200 30 35 1 3 2 1 -1
200 20 24 2 3 2 2 14
200 27 29 1 3 1 1 15
200 36 37 1 3 1 2 6
200 74 75 2 2 1 1 -1
200 55 59 2 3 2 1 22
200 52 53 2 3 2 2 14
300 1 111577
300 5 93041
200 32 36 1 3 2 2 25
200 41 45 2 2 2 2 11
300 4 102273
300 4 112497
200 49 52 1 3 1 2 6
300 5 102343
300 3 141795
200 58 62 2 2 2 1 21
200 42 46 1 2 2 2 27
200 65 70 1 3 2 2 25
200 18 22 1 2 1 2 13
300 5 112575
300 4 123745
300 2 115572
200 81 86 2 2 1 1 -1
200 93 98 1 2 1 2 13
300 1 122731
200 81 85 1 2 1 1 8
200 62 65 2 2 1 2 12
300 5 123829
300 4 136118
300 1 135002
200 88 91 1 2 2 2 27
300 4 149726
300 1 148499
200 1 5 1 2 1 1 8
200 33 37 1 3 2 2 18
300 4 164696
200 54 55 1 3 1 2 6
200 63 67 2 3 1 2 29
200 51 52 1 2 1 1 8
300 5 136209
200 96 99 2 2 2 2 11
200 28 30 2 2 2 1 21
300 3 155970
200 69 71 2 3 1 1 19
200 56 61 1 3 2 2 9
300 5 149826
200 56 60 1 2 1 2 13
200 3 8 2 3 1 2 29
300 2 127127
300 4 181162
200 59 61 1 3 1 1 15
200 48 50 1 3 1 1 15
200 1 4 1 2 1 2 13
200 63 68 2 2 2 2 11
300 1 163346
200 90 91 2 3 1 2 29
200 55 58 1 3 1 1 15
200 78 83 1 3 2 2 18
200 9 10 1 2 2 2 27
300 4 199276
300 1 179679
200 36 41 1 3 1 1 15
200 57 58 1 2 1 1 8
300 5 164806
200 68 73 2 2 2 2 11
200 13 14 2 2 1 1 -1
300 5 181284
200 60 65 1 2 2 1 10
200 64 66 1 3 2 2 18
200 27 32 2 2 1 1 -1
300 2 139836
200 86 91 2 2 2 2 11
200 33 36 2 2 2 2 11
200 43 48 2 2 1 2 12
300 3 171563
300 5 199410
200 16 20 1 2 1 2 5
200 41 46 2 2 2 1 21
200 46 47 2 3 1 2 29
200 4 6 1 2 1 2 13
200 84 87 2 2 2 1 21
200 47 48 2 3 1 1 2
300 2 153817
200 13 18 2 3 1 2 29
200 69 71 2 3 1 1 2
200 55 56 1 2 2 1 10
200 45 47 2 3 1 2 33
200 49 51 1 2 2 1 10
200 90 91 2 3 1 1 19
400