1 100
50
1 8500675 48
2 301711 80 8500675 128
2 64444969 46 301711 126
2 6923891 52 301711 178
2 19512429 46 64444969 92
2 1410967 32 64444969 124
2 9108591 64 1410967 96
2 616841 86 1410967 182
2 3430611 64 19512429 110
2 689679053 62 616841 148
4 5 148 1
2 3737550 31 3430611 95
2 1609584 53 616841 201
2 7054696 77 1609584 130
2 5900090 67 19512429 208
4 6 180 1
2 9148119 84 7054696 161
2 706908721 6 5900090 73
2 4766523 88 7054696 249
2 3391221 74 9148119 158
2 601626335 100 3391221 174
4 12 141 0
2 4606776 53 3737550 84
2 7380490 59 3391221 233
2 685557196 5 706908721 11
2 3024638 47 706908721 58
2 1213472 29 7380490 88
2 4561304 41 9108591 105
2 7312428 1 5900090 126
2 59782878 87 1213472 116
2 312064 45 9148119 478
2 9466386 35 685557196 40
4 17 130 1
2 5364047 20 7312428 21
4 19 126 1
2 771048 13 7380490 188
2 4375994 7 312064 52
2 5606524 57 685557196 97
2 9500590 47 1213472 163
3 3737550 84
2 5770171 28 59782878 115
2 9983507 4 9500590 51
2 491661 34 689679053 96
2 7391171 24 7312428 45
2 9064253 78 9500590 129
2 9785703 16 5770171 44
3 5770171 44
4 2 916 0
4 21 126 1
4 32 99 0