1 100
10
1 40
654583776 406932607 68
51550460 406932607 83
109335179 51550460 86
449466925 794471794 81
551188311 51550460 76
12346 109335179 11
654583776 293799193 46
654583776 12346 1
551188311 109335179 84
51550460 551188311 8
51550460 293799193 52
229283574 109335179 28
551188311 406932607 24
406932607 51550460 76
51550460 449466925 98
51550460 109335179 92
109335179 229283574 6
12346 654583776 96
293799193 51550460 24
406932607 229283574 82
794471794 449466925 45
229283574 406932607 72
12346 551188311 47
293799193 654583776 42
406932607 654583776 5
406932607 12346 8
551188311 229283574 55
654583776 449466925 54
109335179 12346 57
449466925 654583776 57
551188311 654583776 77
406932607 551188311 9
551188311 12346 29
229283574 551188311 33
109335179 551188311 71
12346 406932607 41
293799193 12346 55
12346 293799193 81
654583776 551188311 13
449466925 51550460 11
10
3 551188311 830
2 654583776 109335179 15
3 449466925 1203
2 12346 449466925 73
3 406932607 821
2 229283574 293799193 17
3 449466925 1170
2 794471794 109335179 71
3 449466925 1170