1 100
400
50 15 21 12 4 36 44 48 18 22 46 21 4 14 30 17 4 32 48 43 20 47 17 3 38 10 8 42 25 34 20 4 45 36 33 26 42 40 14 21 48 49 19 4 9 13 46 31 2 34 20 
100 1 1 2 3 2 1 12348
100 1 2 6 4 2 1 12445
100 1 3 2 4 1 1 14580
100 1 4 1 5 2 1 17779
100 1 5 1 4 4 2 12610
100 1 6 5 2 1 2 10660
100 1 7 6 3 1 1 17298
100 1 8 2 2 3 1 17046
100 1 9 4 2 4 2 16256
100 1 10 6 4 4 1 19750
100 1 11 3 5 2 2 16760
100 1 12 4 2 2 1 19668
100 1 13 6 4 1 2 16560
100 1 14 1 5 1 2 14781
100 1 15 6 5 2 1 12098
100 2 16 1 5 3 1 17833
100 2 17 2 2 1 2 16594
100 2 18 1 5 3 1 15988
100 2 19 4 3 2 1 10782
100 2 20 6 5 1 2 10382
100 2 21 1 5 4 2 13987
100 2 22 4 4 4 2 15919
100 2 23 6 4 4 2 10178
100 2 24 4 5 1 1 16334
100 2 25 5 4 2 2 14481
100 2 26 4 2 3 1 11225
100 2 27 5 3 2 2 17916
100 2 28 1 4 1 2 17782
100 2 29 4 2 1 2 19037
100 2 30 3 3 3 2 10116
100 2 31 2 4 2 2 19738
100 2 32 1 5 2 1 12320
100 2 33 2 2 4 2 14562
100 2 34 4 5 1 2 18124
100 2 35 1 5 1 1 18427
100 2 36 3 5 3 2 19985
100 3 37 1 4 2 2 10853
100 3 38 3 3 4 2 14653
100 3 39 4 3 4 2 18645
100 3 40 4 2 2 1 12913
100 3 41 2 5 1 2 15358
100 3 42 6 3 2 1 19989
100 3 43 6 2 4 2 15751
100 3 44 1 2 4 1 17435
100 3 45 1 2 2 1 16821
100 3 46 5 4 4 2 19100
100 3 47 3 4 2 1 18961
100 3 48 2 4 4 1 19125
100 4 49 2 4 1 2 14335
100 4 50 5 5 1 2 10995
100 4 51 3 3 4 1 18611
100 4 52 6 5 4 1 16689
100 5 53 1 3 1 2 16699
100 5 54 3 2 4 1 18554
100 5 55 5 5 2 1 12803
100 5 56 5 2 4 1 10116
100 5 57 6 3 2 2 14311
100 5 58 3 5 1 1 15190
100 5 59 6 5 3 1 14450
100 5 60 1 4 2 2 16839
100 5 61 4 3 1 2 10664
100 5 62 6 3 1 2 17346
100 5 63 5 3 1 2 18896
100 5 64 6 5 1 2 13468
100 5 65 1 5 4 1 17786
100 5 66 1 4 1 2 12149
100 5 67 3 3 2 2 11439
100 5 68 4 2 1 1 16403
100 5 69 5 2 2 1 13332
100 5 70 5 3 3 2 18773
100 5 71 4 5 1 2 12789
100 5 72 6 5 3 1 14861
100 5 73 6 3 2 1 11535
100 5 74 6 2 2 2 14169
100 5 75 4 3 1 1 10101
100 5 76 5 4 2 1 15791
100 5 77 6 4 4 1 14456
100 5 78 6 5 3 1 13156
100 5 79 3 4 2 1 14368
100 5 80 4 2 2 1 11003
100 5 81 2 3 3 2 13603
100 5 82 2 4 4 1 11185
100 5 83 4 5 1 2 11816
100 5 84 2 5 3 2 12395
100 5 85 5 3 3 2 14978
100 5 86 2 3 1 2 15769
100 5 87 2 2 4 2 17333
100 5 88 4 4 1 2 17503
100 6 89 2 2 2 2 14390
100 6 90 1 5 1 1 16780
100 6 91 4 2 2 1 17562
100 6 92 5 3 1 1 15081
100 6 93 2 4 2 2 19317
100 6 94 4 2 3 1 11391
100 6 95 3 2 2 1 12762
100 6 96 3 4 3 1 17222
100 6 97 1 5 2 1 12460
100 6 98 6 5 1 2 19602
100 6 99 3 2 3 2 14615
100 6 100 5 4 3 2 11936
100 6 101 2 2 1 2 10678
100 6 102 1 3 4 2 12117
100 6 103 1 5 3 1 10619
100 6 104 2 5 2 2 17409
100 6 105 6 4 2 1 13197
100 6 106 3 5 4 1 14795
100 6 107 1 3 4 1 11786
100 6 108 6 2 2 1 16345
100 6 109 3 5 2 2 10464
100 6 110 1 3 2 1 13950
100 6 111 5 4 4 1 17046
100 6 112 6 4 3 2 15171
100 6 113 2 2 2 1 10037
100 6 114 5 2 3 2 19141
100 6 115 5 3 3 1 16005
100 6 116 4 3 3 2 19541
100 6 117 3 5 1 2 17312
100 6 118 6 4 4 2 17892
100 6 119 4 4 3 1 14688
100 6 120 2 5 3 1 12806
100 6 121 5 3 4 2 16405
100 6 122 4 2 3 2 12387
100 6 123 6 2 3 2 17453
100 6 124 3 5 4 2 14869
100 6 125 2 4 4 1 17466
100 6 126 5 5 4 1 15793
100 6 127 5 5 3 1 13711
100 6 128 2 4 1 1 11463
100 6 129 2 3 1 1 18352
100 6 130 3 5 1 2 13337
100 6 131 2 2 4 2 13707
100 6 132 3 3 3 2 17456
100 7 133 4 4 3 1 16466
100 7 134 5 3 2 2 13476
100 7 135 4 3 2 1 14158
100 7 136 4 4 2 1 17429
100 7 137 2 4 2 1 18078
100 7 138 5 5 4 2 12145
100 7 139 5 2 2 2 14765
100 7 140 6 2 1 1 12208
100 7 141 6 2 1 2 17716
100 7 142 6 2 3 2 12642
100 7 143 2 5 1 1 15788
100 7 144 6 3 4 1 18454
100 7 145 6 3 3 1 16461
100 7 146 3 3 3 2 17993
100 7 147 5 4 1 2 16003
100 7 148 5 5 4 2 13365
100 7 149 2 4 1 2 16829
100 7 150 6 4 3 1 12179
100 7 151 5 5 4 2 16925
100 7 152 3 4 3 1 10994
100 7 153 5 3 3 2 15835
100 7 154 2 3 4 1 11714
100 7 155 4 2 2 1 13538
100 7 156 5 2 1 1 17297
100 7 157 4 4 2 1 13920
100 7 158 3 3 4 2 14864
100 7 159 2 4 3 1 12488
100 7 160 3 3 3 2 14725
100 7 161 4 5 1 2 15182
100 7 162 1 4 1 1 17826
100 7 163 1 4 4 2 18149
100 7 164 2 3 3 1 10875
100 7 165 2 3 3 1 11682
100 7 166 2 2 1 2 18572
100 7 167 2 4 2 2 19959
100 7 168 6 5 4 1 19681
100 7 169 1 2 1 2 16636
100 7 170 6 2 3 2 12580
100 7 171 5 4 1 1 11142
100 7 172 5 2 2 1 15229
100 7 173 5 3 4 1 19262
100 7 174 3 4 4 2 17320
100 7 175 1 5 2 2 12218
100 7 176 2 5 1 1 10027
100 7 177 6 4 1 2 15027
100 7 178 2 2 2 2 12483
100 7 179 3 5 3 2 15849
100 7 180 2 5 1 1 18917
100 8 181 4 5 4 1 16834
100 8 182 2 4 4 2 10045
100 8 183 4 4 1 2 13396
100 8 184 5 5 1 1 13849
100 8 185 4 2 1 2 13650
100 8 186 1 5 3 2 15010
100 8 187 4 5 3 2 14450
100 8 188 2 2 1 1 14968
100 8 189 5 4 4 2 10431
100 8 190 1 2 4 2 16006
100 8 191 6 4 2 1 11596
100 8 192 6 3 1 1 19594
100 8 193 4 3 3 2 11998
100 8 194 4 5 2 1 19783
100 8 195 1 3 1 1 11050
100 8 196 1 4 4 1 13306
100 8 197 3 4 2 1 19181
100 8 198 2 4 2 1 14515
100 9 199 5 3 3 1 10173
100 9 200 3 4 4 2 11278
100 9 201 2 3 4 2 13118
100 9 202 1 3 1 1 13003
100 9 203 1 2 2 2 10543
100 9 204 3 4 3 1 11527
100 9 205 5 4 3 2 12789
100 9 206 1 2 1 1 18536
100 9 207 1 2 2 2 13559
100 9 208 2 4 2 1 19722
100 9 209 1 3 1 1 18911
100 9 210 2 3 2 2 12364
100 9 211 4 4 1 1 16032
100 9 212 1 5 4 2 18909
100 9 213 3 4 1 2 15269
100 9 214 4 3 3 2 12603
100 9 215 4 5 4 2 11820
100 9 216 5 3 1 2 16581
100 9 217 1 3 2 2 17377
100 9 218 5 3 4 2 13067
100 9 219 4 4 2 1 12501
100 9 220 1 5 4 1 11983
100 10 221 3 4 3 2 13392
100 10 222 1 2 3 2 11850
100 10 223 4 4 4 1 14676
100 10 224 3 2 3 2 12078
100 10 225 2 3 3 1 10568
100 10 226 2 5 4 2 19231
100 10 227 5 4 2 1 10277
100 10 228 3 2 2 2 10132
100 10 229 1 3 4 1 19227
100 10 230 5 2 4 1 10882
100 10 231 2 5 1 1 18089
100 10 232 4 5 2 1 17220
100 10 233 5 3 2 2 12796
100 10 234 2 4 4 1 13632
100 10 235 2 3 1 2 13501
100 10 236 3 2 2 2 17654
100 10 237 4 5 4 2 10625
100 10 238 3 3 4 1 18233
100 10 239 3 3 4 2 17100
100 10 240 6 3 2 2 11419
100 10 241 1 2 2 1 19545
100 10 242 2 3 3 2 10700
100 10 243 3 4 3 1 11792
100 10 244 5 3 3 1 15859
100 10 245 3 5 4 1 14720
100 10 246 1 2 3 1 15125
100 10 247 4 5 4 2 12750
100 10 248 6 4 3 1 11214
100 10 249 6 4 3 1 12800
100 10 250 5 2 4 2 15525
100 10 251 3 5 4 1 11986
100 10 252 5 4 2 2 15648
100 10 253 1 4 3 1 18297
100 10 254 3 4 1 1 11955
100 10 255 1 5 2 2 10967
100 10 256 3 2 4 1 17768
100 10 257 5 3 4 2 14756
100 10 258 6 3 1 2 15041
100 10 259 3 2 4 2 15676
100 10 260 6 5 1 2 12705
100 10 261 4 4 4 1 16724
100 10 262 1 4 3 2 19713
100 10 263 1 5 4 2 15987
100 10 264 6 4 2 1 12089
100 10 265 3 2 4 2 17502
100 10 266 5 3 2 2 12457
100 11 267 3 4 3 1 10843
100 11 268 4 3 4 2 19970
100 11 269 5 2 1 2 19738
100 11 270 5 4 3 1 10820
100 11 271 4 5 2 2 15728
100 11 272 4 5 2 2 12423
100 11 273 3 5 1 1 16617
100 11 274 2 2 3 2 11099
100 11 275 1 2 1 1 16512
100 11 276 4 2 3 1 12721
100 11 277 6 4 3 1 15177
100 11 278 3 5 3 1 15347
100 11 279 3 2 4 2 11265
100 11 280 5 3 2 1 17659
100 11 281 4 3 4 2 19495
100 11 282 6 2 2 1 17032
100 11 283 1 2 3 1 13649
100 11 284 6 5 3 1 10306
100 11 285 1 3 3 1 16356
100 11 286 6 4 3 1 10042
100 11 287 2 5 2 2 17006
100 12 288 1 2 1 2 12912
100 12 289 4 5 3 2 18378
100 12 290 2 4 3 1 13862
100 12 291 4 5 1 1 12471
100 13 292 6 2 4 2 13882
100 13 293 2 3 2 2 13984
100 13 294 1 5 4 2 16136
100 13 295 1 3 1 2 15586
100 13 296 1 5 3 1 11127
100 13 297 6 4 1 1 19020
100 13 298 3 5 2 2 19087
100 13 299 3 3 2 1 15999
100 13 300 5 3 1 2 15268
100 13 301 5 2 2 2 17272
100 13 302 3 4 1 1 12097
100 13 303 6 3 3 2 15163
100 13 304 5 4 3 2 15157
100 13 305 3 2 2 2 19143
100 14 306 4 3 4 2 16016
100 14 307 5 4 3 1 11097
100 14 308 3 2 4 1 12255
100 14 309 2 5 4 1 11274
100 14 310 6 3 2 2 15165
100 14 311 6 3 2 2 19118
100 14 312 3 4 4 1 10948
100 14 313 6 5 4 2 19758
100 14 314 6 2 2 2 18315
100 14 315 5 3 1 2 12987
100 14 316 2 5 2 1 19037
100 14 317 2 3 4 2 10647
100 14 318 5 5 4 1 19527
100 14 319 4 3 1 1 17697
100 14 320 4 2 3 1 10574
100 14 321 1 3 3 2 11810
100 14 322 6 4 1 1 12886
100 14 323 5 5 2 2 18943
100 14 324 3 3 4 1 15254
100 14 325 5 3 3 1 10727
100 14 326 4 2 2 1 16047
100 14 327 2 3 2 2 17599
100 14 328 1 4 2 2 11925
100 14 329 6 4 2 2 15694
100 14 330 6 5 4 1 15370
100 14 331 5 2 4 1 12689
100 14 332 6 2 1 1 10147
100 14 333 4 2 4 2 15011
100 14 334 5 5 3 1 17560
100 14 335 2 5 2 1 16727
100 15 336 6 3 2 2 11630
100 15 337 6 4 4 2 11628
100 15 338 6 3 2 1 12917
100 15 339 2 4 2 1 12898
100 15 340 1 3 2 2 14883
100 15 341 5 3 3 1 12281
100 15 342 6 4 1 2 10634
100 15 343 6 5 1 2 15356
100 15 344 2 4 3 2 11233
100 15 345 4 2 4 1 15213
100 15 346 3 3 1 1 10648
100 15 347 5 2 4 1 19176
100 15 348 5 5 4 1 10890
100 15 349 6 2 1 2 16124
100 15 350 4 4 4 1 17986
100 15 351 6 4 3 2 15239
100 15 352 2 5 3 1 14475
100 16 353 2 2 1 2 19221
100 16 354 1 2 3 1 15385
100 16 355 3 3 3 2 11516
100 16 356 1 2 2 1 19917
100 17 357 6 5 3 1 11313
100 17 358 2 3 1 2 13965
100 17 359 1 2 4 2 19409
100 17 360 5 5 3 1 11660
100 17 361 5 4 3 1 12428
100 17 362 6 5 1 2 19234
100 17 363 6 5 3 1 11082
100 17 364 2 4 4 1 18871
100 17 365 4 2 3 1 16611
100 17 366 3 3 4 1 12401
100 17 367 4 4 1 1 11802
100 17 368 2 2 2 2 11737
100 17 369 6 2 4 1 14062
100 17 370 5 5 3 2 15344
100 17 371 5 2 4 2 10180
100 17 372 6 5 4 1 13607
100 17 373 4 3 1 2 14880
100 17 374 4 2 2 2 17508
100 17 375 3 2 1 2 19093
100 17 376 2 5 4 2 11018
100 17 377 6 2 3 1 18508
100 17 378 6 4 2 1 18613
100 17 379 2 5 2 1 15071
100 17 380 5 3 1 1 13648
100 17 381 1 5 3 1 10682
100 17 382 5 4 3 1 12690
100 17 383 3 2 1 2 15736
100 17 384 6 5 4 1 10685
100 17 385 1 5 1 2 17497
100 17 386 6 2 2 1 12406
100 17 387 5 2 1 1 11365
100 17 388 6 5 4 1 19703
100 18 389 1 2 1 1 11974
100 18 390 1 3 2 2 14107
100 18 391 1 3 4 2 10161
100 18 392 2 4 2 1 10930
100 18 393 5 2 3 1 14078
100 18 394 6 5 4 1 11918
100 18 395 5 2 1 2 15026
100 18 396 3 5 1 2 15513
100 18 397 1 2 2 2 15904
100 18 398 1 4 4 1 18739
100 18 399 6 3 3 2 10140
100 18 400 5 5 2 1 10494
100 18 401 6 5 1 2 11303
100 18 402 6 2 1 1 17386
100 18 403 2 5 2 2 11495
100 18 404 5 4 4 2 14626
100 18 405 1 5 1 1 15926
100 18 406 4 2 1 1 11233
100 18 407 6 5 2 2 17806
100 18 408 2 4 3 2 10696
100 18 409 3 4 2 1 17779
100 18 410 1 2 1 2 10107
100 18 411 1 4 1 1 18281
100 18 412 2 5 1 2 12135
100 18 413 3 3 1 1 16856
100 18 414 2 2 2 1 10608
100 18 415 1 4 1 1 17054
100 18 416 6 5 4 1 17631
100 18 417 2 2 2 2 10088
100 18 418 4 5 1 2 11079
100 18 419 6 2 2 1 13347
100 18 420 6 2 2 1 15181
100 18 421 1 3 2 1 14655
100 18 422 1 2 4 1 13153
100 18 423 4 2 4 1 17366
100 18 424 5 5 3 1 17154
100 18 425 1 3 3 2 14828
100 18 426 2 2 2 1 17975
100 18 427 4 3 4 2 13120
100 18 428 6 5 1 2 10112
100 18 429 5 5 2 2 11363
100 18 430 3 5 3 1 17319
100 18 431 1 2 4 1 16022
100 18 432 1 4 1 2 12501
100 18 433 4 5 4 2 15389
100 18 434 5 5 3 1 16442
100 18 435 6 5 1 1 16306
100 18 436 5 4 4 2 10109
100 19 437 2 5 1 2 11379
100 19 438 2 3 4 1 11418
100 19 439 5 3 4 1 11809
100 19 440 1 5 3 1 13011
100 19 441 2 2 1 2 12186
100 19 442 4 4 3 2 13569
100 19 443 3 5 3 2 15630
100 19 444 4 5 4 2 14376
100 19 445 6 2 4 2 16288
100 19 446 3 2 4 1 17333
100 19 447 1 2 1 1 15422
100 19 448 5 5 1 2 17158
100 19 449 2 3 4 2 11464
100 19 450 1 3 4 1 19074
100 19 451 3 4 4 1 14301
100 19 452 3 3 2 1 18422
100 19 453 4 3 2 1 14866
100 19 454 5 5 3 2 13639
100 19 455 2 4 2 1 16905
100 19 456 2 5 1 2 11169
100 19 457 5 2 2 1 17119
100 19 458 1 4 1 1 16966
100 19 459 4 3 2 1 14876
100 19 460 2 4 4 1 11444
100 19 461 4 5 2 1 18866
100 19 462 3 4 2 1 19653
100 19 463 6 5 4 1 14864
100 19 464 5 3 4 1 13015
100 19 465 1 2 4 1 17690
100 19 466 2 3 2 2 10458
100 19 467 4 2 3 2 13293
100 19 468 6 5 1 1 19263
100 19 469 5 3 2 1 14606
100 19 470 3 3 1 1 17367
100 19 471 4 3 3 2 14246
100 19 472 4 5 2 2 15825
100 19 473 3 2 3 1 10218
100 19 474 6 3 2 1 17985
100 19 475 5 2 3 1 10389
100 19 476 5 5 1 1 17130
100 19 477 3 4 4 2 13561
100 19 478 2 3 2 1 13687
100 19 479 5 5 3 2 15443
100 20 480 6 2 1 2 12396
100 20 481 1 5 1 2 14355
100 20 482 5 3 4 2 17376
100 20 483 4 3 1 1 14748
100 20 484 5 2 2 2 10235
100 20 485 1 5 3 2 13832
100 20 486 1 4 3 1 18869
100 20 487 2 4 4 2 19185
100 20 488 3 2 2 2 17865
100 20 489 6 5 1 1 11645
100 20 490 1 2 3 1 10064
100 20 491 3 3 2 2 14560
100 20 492 1 2 2 2 19790
100 20 493 2 4 3 1 16166
100 20 494 1 5 4 1 13109
100 20 495 1 5 3 2 14913
100 20 496 6 2 3 2 12411
100 20 497 5 3 2 2 17828
100 20 498 1 4 1 2 10688
100 20 499 5 4 2 1 13121
100 21 500 5 3 3 2 14496
100 21 501 4 2 2 1 19153
100 21 502 4 2 3 1 12543
100 21 503 2 5 3 2 11092
100 21 504 1 2 2 2 12124
100 21 505 5 5 4 2 13081
100 21 506 5 2 1 1 15649
100 21 507 2 2 1 2 12278
100 21 508 3 4 1 2 14197
100 21 509 6 2 4 2 17899
100 21 510 5 5 3 1 14654
100 21 511 3 4 1 2 16243
100 21 512 1 2 1 1 15432
100 21 513 4 4 2 2 15279
100 21 514 2 2 4 1 14745
100 21 515 4 3 3 1 12727
100 21 516 5 2 3 1 10163
100 21 517 6 4 4 1 14650
100 21 518 3 2 1 2 15234
100 21 519 2 2 4 1 15751
100 21 520 2 2 4 2 12785
100 21 521 4 2 3 1 12895
100 21 522 4 5 4 1 16224
100 21 523 5 2 4 1 15649
100 21 524 6 3 3 1 11396
100 21 525 2 3 4 2 11192
100 21 526 5 4 2 1 10287
100 21 527 6 5 2 2 14482
100 21 528 3 5 2 2 17881
100 21 529 3 5 2 2 13685
100 21 530 3 3 4 1 18934
100 21 531 2 4 4 1 17366
100 21 532 3 3 1 1 15256
100 21 533 1 3 1 1 10435
100 21 534 5 5 3 1 10107
100 21 535 4 5 4 1 11156
100 21 536 4 2 4 1 10011
100 21 537 4 3 2 1 13009
100 21 538 3 2 1 2 14938
100 21 539 3 2 1 1 10234
100 21 540 5 2 4 2 12577
100 21 541 4 4 4 1 10398
100 21 542 6 5 3 2 14916
100 21 543 4 3 2 2 18086
100 21 544 5 2 1 2 12403
100 21 545 3 4 2 2 11782
100 21 546 2 4 4 2 11556
100 22 547 5 5 4 2 14423
100 22 548 6 3 1 2 16486
100 22 549 4 5 3 2 17822
100 22 550 2 4 4 1 17128
100 22 551 3 3 1 2 12675
100 22 552 1 3 4 1 12129
100 22 553 4 3 1 1 19150
100 22 554 5 4 2 2 14941
100 22 555 3 4 4 2 12538
100 22 556 3 4 2 1 19553
100 22 557 6 2 2 2 19279
100 22 558 5 4 2 2 12410
100 22 559 6 2 3 1 10250
100 22 560 6 5 1 1 10042
100 22 561 3 4 3 1 19700
100 22 562 2 5 3 1 15842
100 22 563 6 2 3 2 15123
100 23 564 4 3 1 1 11424
100 23 565 4 2 3 2 14044
100 23 566 4 4 3 1 14612
100 24 567 2 4 2 2 18845
100 24 568 1 3 4 2 17175
100 24 569 2 3 2 2 18792
100 24 570 1 3 4 2 19236
100 24 571 2 5 3 2 12409
100 24 572 2 2 2 2 10775
100 24 573 1 2 2 1 17866
100 24 574 5 3 2 2 10543
100 24 575 5 2 2 1 18533
100 24 576 4 2 4 2 17332
100 24 577 5 4 2 2 14127
100 24 578 2 3 1 1 10427
100 24 579 4 4 2 1 10772
100 24 580 1 4 4 2 11756
100 24 581 5 4 1 2 15726
100 24 582 5 5 1 2 13101
100 24 583 2 2 2 1 12700
100 24 584 6 3 1 2 10610
100 24 585 4 2 2 1 14176
100 24 586 2 4 3 1 11790
100 24 587 2 5 2 2 14369
100 24 588 3 3 1 2 10746
100 24 589 2 5 1 1 14866
100 24 590 3 5 2 2 18704
100 24 591 5 2 3 1 16194
100 24 592 2 4 3 2 11861
100 24 593 3 4 1 1 18568
100 24 594 6 5 3 1 14301
100 24 595 4 4 2 2 19169
100 24 596 5 4 1 1 12687
100 24 597 1 3 2 1 11909
100 24 598 4 2 2 1 18608
100 24 599 6 5 2 1 18632
100 24 600 2 3 1 1 17495
100 24 601 1 3 3 1 14712
100 24 602 3 4 1 1 10775
100 24 603 2 3 3 2 18938
100 24 604 3 2 3 1 16030
100 25 605 4 3 3 1 10679
100 25 606 2 2 1 1 12840
100 25 607 1 2 4 1 10744
100 25 608 1 3 3 1 12131
100 25 609 4 2 1 1 17442
100 25 610 4 2 2 1 10052
100 25 611 1 4 4 2 16389
100 25 612 2 3 4 1 14494
100 25 613 2 5 1 2 13681
100 25 614 4 2 3 2 15866
100 26 615 6 3 1 1 14795
100 26 616 3 4 1 2 17435
100 26 617 4 3 4 1 15535
100 26 618 3 4 2 2 10124
100 26 619 2 2 2 1 19502
100 26 620 1 2 2 1 10201
100 26 621 6 3 4 1 12571
100 26 622 4 4 2 1 14247
100 27 623 2 3 3 1 11889
100 27 624 6 3 2 2 18658
100 27 625 3 5 2 1 11243
100 27 626 2 4 3 1 16046
100 27 627 6 4 1 2 11496
100 27 628 2 3 2 2 11934
100 27 629 4 2 1 2 14436
100 27 630 1 3 1 2 13272
100 27 631 5 4 2 2 13357
100 27 632 5 4 1 1 16131
100 27 633 1 5 2 2 18839
100 27 634 4 2 4 1 12331
100 27 635 6 4 1 2 10870
100 27 636 4 5 2 1 17087
100 27 637 5 5 2 2 14926
100 27 638 6 3 3 1 11735
100 27 639 5 2 2 2 16246
100 27 640 3 3 3 2 15528
100 27 641 5 4 1 2 19575
100 27 642 2 3 3 2 12440
100 27 643 2 2 2 1 13410
100 27 644 4 3 4 1 14723
100 27 645 5 3 4 2 16110
100 27 646 3 3 2 1 10598
100 27 647 6 2 1 1 10135
100 27 648 4 4 2 2 17556
100 27 649 3 4 4 1 19042
100 27 650 5 5 4 2 16607
100 27 651 1 2 4 1 17210
100 27 652 5 3 2 2 10181
100 27 653 4 5 3 2 11649
100 27 654 1 5 4 1 12120
100 27 655 2 5 1 2 15280
100 27 656 4 3 4 2 18106
100 27 657 5 3 3 2 15236
100 27 658 1 5 3 2 10591
100 27 659 1 5 4 2 10543
100 27 660 2 2 4 1 10787
100 27 661 4 2 2 1 11138
100 27 662 3 5 2 2 19475
100 27 663 5 2 4 2 15923
100 27 664 5 4 2 2 11667
100 28 665 4 2 2 2 10271
100 28 666 4 4 2 1 14455
100 28 667 3 5 1 2 16772
100 28 668 4 3 1 1 11425
100 28 669 3 2 1 2 15797
100 28 670 4 2 4 2 12388
100 28 671 3 3 3 1 11096
100 28 672 6 4 2 1 12444
100 28 673 6 3 2 2 16630
100 28 674 6 3 1 2 10143
100 28 675 1 4 4 2 12117
100 28 676 3 5 2 1 11204
100 28 677 3 4 1 1 17615
100 28 678 5 3 2 2 13867
100 28 679 1 4 2 1 16121
100 28 680 5 2 1 1 14886
100 28 681 2 3 4 1 14304
100 28 682 6 3 4 1 13983
100 28 683 4 2 4 1 17053
100 28 684 2 4 4 1 16151
100 28 685 4 4 3 2 11531
100 28 686 1 3 2 2 11258
100 28 687 6 2 2 2 18838
100 28 688 1 3 1 1 11300
100 28 689 2 5 3 1 10779
100 29 690 3 5 4 1 19062
100 29 691 6 4 3 1 16734
100 29 692 6 3 3 2 17912
100 29 693 5 5 1 1 16167
100 29 694 1 5 4 2 15019
100 29 695 1 2 2 1 12067
100 29 696 1 2 1 1 17808
100 29 697 4 2 1 2 19127
100 29 698 5 3 2 1 16548
100 29 699 6 5 3 2 13357
100 29 700 5 5 2 2 10796
100 29 701 2 3 4 2 18661
100 29 702 6 2 1 2 11351
100 29 703 1 4 3 2 12485
100 29 704 3 4 4 1 11846
100 29 705 6 3 2 1 11271
100 29 706 1 5 2 1 19025
100 29 707 3 5 2 1 14772
100 29 708 3 3 4 2 11431
100 29 709 2 2 1 1 10203
100 29 710 2 2 4 2 11935
100 29 711 6 4 4 1 16825
100 29 712 3 2 2 1 12920
100 29 713 3 2 4 2 14723
100 29 714 4 5 2 1 12772
100 29 715 1 5 2 2 13966
100 29 716 1 3 2 1 17845
100 29 717 2 5 4 2 13523
100 29 718 6 3 4 2 18599
100 29 719 5 4 3 1 18940
100 29 720 3 2 3 2 16152
100 29 721 5 4 4 1 10200
100 29 722 6 4 1 2 19292
100 29 723 6 4 2 1 14174
100 30 724 4 5 2 2 19637
100 30 725 3 5 4 1 11084
100 30 726 1 2 3 1 14630
100 30 727 6 4 2 1 10356
100 30 728 2 2 2 1 15073
100 30 729 6 4 3 1 11014
100 30 730 6 2 4 1 13019
100 30 731 2 5 3 2 14857
100 30 732 3 5 2 2 14616
100 30 733 3 4 4 2 10759
100 30 734 2 3 1 1 12103
100 30 735 1 5 2 1 14902
100 30 736 5 5 3 2 16127
100 30 737 3 3 2 1 14418
100 30 738 2 2 1 1 15493
100 30 739 4 2 4 1 12855
100 30 740 4 2 3 1 14406
100 30 741 6 2 3 1 12218
100 30 742 6 5 3 1 10763
100 30 743 2 3 3 2 10846
100 31 744 1 4 1 1 14738
100 31 745 5 3 3 1 16418
100 31 746 2 4 2 2 19573
100 31 747 5 3 3 2 10406
100 32 748 2 2 2 2 18201
100 32 749 3 3 2 1 13568
100 32 750 4 4 4 1 12469
100 32 751 4 3 3 1 13722
100 32 752 6 2 1 2 11231
100 32 753 6 4 2 2 18547
100 32 754 5 5 2 1 16265
100 32 755 2 5 1 2 14487
100 32 756 1 3 2 1 14864
100 32 757 6 3 4 1 17623
100 32 758 1 2 4 1 19965
100 32 759 1 5 2 2 10495
100 32 760 2 4 1 1 17406
100 32 761 4 2 1 1 10870
100 32 762 3 2 1 1 19889
100 32 763 2 3 2 1 19183
100 32 764 2 4 1 1 14878
100 32 765 4 4 1 1 15041
100 32 766 1 2 4 2 10590
100 32 767 6 2 1 1 11202
100 32 768 6 2 1 1 11725
100 32 769 4 5 4 1 10783
100 32 770 4 5 3 2 12036
100 32 771 2 5 2 1 19831
100 32 772 3 2 2 1 17865
100 32 773 1 4 4 2 13252
100 32 774 1 4 3 2 10471
100 32 775 3 4 4 2 15152
100 32 776 6 4 2 2 19612
100 32 777 6 3 2 1 12069
100 32 778 1 3 1 2 18764
100 32 779 6 4 1 1 18044
100 32 780 4 4 1 1 14427
100 32 781 3 5 3 2 17786
100 32 782 4 3 4 2 18126
100 32 783 2 5 1 1 15223
100 32 784 3 2 2 1 11920
100 32 785 2 5 2 2 11893
100 32 786 2 4 4 2 17205
100 32 787 5 3 4 1 14672
100 32 788 5 3 4 1 12931
100 32 789 2 2 4 2 16626
100 32 790 2 5 2 2 12376
100 32 791 5 4 4 1 13947
100 32 792 5 4 1 2 18336
100 33 793 5 2 3 1 11886
100 33 794 5 3 4 1 12657
100 33 795 5 5 2 1 13463
100 33 796 1 2 2 2 16773
100 33 797 2 5 2 2 15260
100 33 798 1 3 2 2 19682
100 33 799 3 4 2 2 17074
100 33 800 3 2 4 1 11274
100 33 801 1 3 4 2 13334
100 33 802 2 3 2 2 18919
100 33 803 1 5 4 1 10075
100 33 804 6 3 3 2 18278
100 33 805 1 4 4 2 13697
100 33 806 2 2 1 2 10875
100 33 807 4 3 1 1 19544
100 33 808 2 2 4 1 18095
100 33 809 2 5 1 2 15380
100 33 810 5 3 2 1 10799
100 33 811 4 5 2 1 16697
100 33 812 4 5 3 2 15234
100 33 813 5 2 2 1 11401
100 33 814 6 3 3 1 10520
100 33 815 5 4 3 2 12780
100 33 816 2 5 3 2 14259
100 33 817 3 3 4 2 10100
100 33 818 1 2 2 1 18183
100 33 819 6 3 3 2 12018
100 33 820 5 4 1 1 10214
100 33 821 1 4 1 1 11875
100 33 822 4 4 1 2 10142
100 33 823 3 5 3 1 13313
100 33 824 4 2 4 2 19278
100 33 825 4 5 4 2 15510
100 33 826 6 4 1 2 11202
100 33 827 6 3 4 2 14042
100 33 828 6 4 2 2 16997
100 34 829 5 5 4 1 16417
100 34 830 4 5 4 1 10876
100 34 831 1 2 2 2 15502
100 34 832 1 3 2 2 14222
100 34 833 2 2 2 1 16063
100 34 834 3 3 1 1 19715
100 34 835 4 2 2 1 12716
100 34 836 1 2 4 2 16391
100 34 837 2 5 2 2 19657
100 34 838 6 4 4 2 13183
100 34 839 2 4 3 1 13886
100 34 840 5 2 1 1 16930
100 34 841 1 3 3 2 18311
100 34 842 6 3 2 1 13911
100 34 843 5 5 4 2 16468
100 34 844 2 5 4 2 15302
100 34 845 4 3 1 2 18117
100 34 846 4 5 2 2 11531
100 34 847 6 3 4 2 11328
100 34 848 5 5 4 2 19408
100 34 849 3 5 3 1 11289
100 34 850 4 3 4 1 10281
100 34 851 4 4 2 1 17492
100 34 852 2 2 4 2 13519
100 34 853 5 3 2 2 16260
100 34 854 6 3 2 1 12937
100 34 855 6 5 3 2 14024
100 34 856 2 2 4 2 11232
100 34 857 3 3 1 2 14214
100 34 858 4 5 1 1 10411
100 34 859 3 3 1 1 13712
100 34 860 1 4 2 1 18215
100 34 861 2 5 2 1 17079
100 35 862 6 5 1 2 10899
100 35 863 5 5 1 2 13373
100 35 864 2 4 3 1 17903
100 35 865 3 2 1 2 13987
100 35 866 4 2 4 1 11315
100 35 867 6 5 4 1 13330
100 35 868 3 5 2 2 13379
100 35 869 4 4 3 1 11876
100 35 870 3 2 4 1 11066
100 35 871 2 4 2 1 19177
100 35 872 6 4 3 1 19678
100 35 873 5 3 4 2 16614
100 35 874 2 4 4 1 12411
100 35 875 3 4 1 2 18374
100 35 876 2 4 4 2 10815
100 35 877 6 4 4 2 12438
100 35 878 1 5 4 2 14433
100 35 879 5 3 4 1 18636
100 35 880 4 5 1 2 18112
100 35 881 2 5 4 2 12909
100 35 882 4 2 3 1 16193
100 35 883 6 3 2 2 18511
100 35 884 6 5 4 1 19464
100 35 885 5 5 1 2 10075
100 35 886 2 5 4 2 15663
100 35 887 6 3 4 2 11577
100 36 888 4 4 2 1 13087
100 36 889 6 4 1 1 14263
100 36 890 4 4 3 2 11253
100 36 891 5 3 4 2 14480
100 36 892 1 4 4 1 10130
100 36 893 6 5 1 1 18757
100 36 894 4 2 2 1 10641
100 36 895 1 3 4 1 12104
100 36 896 4 5 1 2 12007
100 36 897 2 3 1 1 15912
100 36 898 6 4 4 2 11150
100 36 899 2 5 3 2 11172
100 36 900 5 2 1 2 12995
100 36 901 2 5 2 1 10202
100 36 902 3 3 2 1 17893
100 36 903 1 2 3 2 18178
100 36 904 2 4 2 2 10554
100 36 905 6 2 1 1 14297
100 36 906 5 5 4 1 13925
100 36 907 3 3 3 1 12647
100 36 908 1 2 2 1 16694
100 36 909 5 5 1 2 14581
100 36 910 1 2 1 2 10496
100 36 911 2 3 3 1 18072
100 36 912 2 5 1 1 14538
100 36 913 6 5 2 1 19590
100 36 914 4 4 2 1 10856
100 36 915 4 2 1 2 11706
100 36 916 2 5 4 1 17864
100 36 917 5 4 2 2 16562
100 36 918 2 3 3 1 11849
100 36 919 6 3 2 1 19836
100 36 920 5 4 2 2 11618
100 36 921 4 3 1 2 10175
100 36 922 2 2 3 2 15240
100 36 923 3 3 4 2 10339
100 36 924 3 2 4 1 15646
100 36 925 6 5 4 1 14837
100 36 926 3 5 2 2 10684
100 36 927 5 2 1 1 11478
100 36 928 4 2 3 2 16878
100 36 929 5 4 3 2 13367
100 37 930 4 4 4 1 12731
100 37 931 3 3 1 1 13019
100 37 932 5 3 1 1 16654
100 37 933 2 4 4 2 10196
100 37 934 2 3 4 1 18424
100 37 935 2 2 4 2 17552
100 37 936 6 2 4 1 10590
100 37 937 4 4 2 2 11928
100 37 938 3 3 2 2 13851
100 37 939 4 5 4 2 14270
100 37 940 4 3 3 2 16593
100 37 941 3 2 1 2 19400
100 37 942 3 5 1 1 16850
100 37 943 4 3 1 1 10299
100 37 944 4 5 2 2 16903
100 37 945 2 2 2 2 18061
100 37 946 6 5 1 2 18053
100 37 947 3 3 4 2 15694
100 37 948 1 2 1 2 10040
100 37 949 5 4 2 2 18064
100 37 950 5 4 3 1 13023
100 37 951 3 5 1 2 12728
100 37 952 5 3 3 1 13185
100 37 953 2 2 1 2 10263
100 37 954 2 2 2 1 14428
100 37 955 2 5 3 2 11729
100 37 956 3 4 4 1 11940
100 37 957 1 4 4 2 11646
100 37 958 1 5 1 1 15773
100 37 959 6 2 2 2 11344
100 37 960 1 3 4 1 19674
100 37 961 2 2 3 1 12745
100 37 962 4 3 1 2 14579
100 37 963 5 5 4 1 16558
100 37 964 6 2 2 2 10044
100 37 965 6 5 4 2 13752
100 37 966 3 3 1 1 14347
100 37 967 2 5 3 1 11260
100 37 968 2 3 4 1 17010
100 37 969 1 5 2 1 10028
100 38 970 4 2 3 1 10902
100 38 971 3 2 3 2 11908
100 38 972 2 3 3 2 18443
100 38 973 4 2 3 1 13624
100 38 974 1 5 1 2 15853
100 38 975 6 3 2 1 17117
100 38 976 2 5 2 2 16845
100 38 977 2 3 3 1 10539
100 38 978 2 4 4 2 12114
100 38 979 6 2 4 2 12771
100 38 980 1 4 3 2 13279
100 38 981 2 3 1 1 11565
100 38 982 3 5 1 2 19337
100 38 983 6 2 1 1 14246
100 39 984 2 3 3 2 12037
100 39 985 4 3 4 1 13863
100 39 986 3 5 2 1 14184
100 39 987 1 3 4 1 12769
100 39 988 3 5 3 2 19387
100 39 989 3 4 1 2 14616
100 39 990 4 3 3 1 10348
100 39 991 6 5 1 2 17149
100 39 992 2 4 1 2 15445
100 39 993 4 5 4 2 14853
100 39 994 6 4 1 1 16830
100 39 995 4 5 2 1 11462
100 39 996 5 2 3 2 13125
100 39 997 2 3 3 1 11247
100 39 998 6 3 2 1 12582
100 39 999 3 2 3 1 11630
100 39 1000 6 5 1 2 11087
100 39 1001 4 4 2 1 11211
100 39 1002 3 5 2 2 17102
100 39 1003 4 2 3 2 17904
100 39 1004 1 2 2 2 13369
100 40 1005 3 2 4 2 16926
100 40 1006 3 3 4 1 16794
100 40 1007 6 4 2 1 17623
100 40 1008 5 5 2 2 12822
100 40 1009 1 2 2 2 13031
100 40 1010 4 5 4 1 17909
100 40 1011 4 5 3 2 19984
100 40 1012 2 4 2 1 14677
100 40 1013 2 3 2 1 11457
100 40 1014 2 2 4 1 17871
100 40 1015 2 5 2 2 19517
100 40 1016 3 5 4 1 17541
100 40 1017 5 3 2 2 15800
100 40 1018 3 2 2 2 13190
100 40 1019 4 4 3 1 12331
100 40 1020 4 4 4 1 15403
100 40 1021 3 3 2 2 13819
100 40 1022 4 3 1 2 13009
100 40 1023 4 5 4 1 17174
100 40 1024 6 5 2 2 17126
100 40 1025 3 5 3 1 15362
100 40 1026 5 4 2 2 11860
100 40 1027 3 3 1 2 13850
100 40 1028 2 3 1 2 16290
100 40 1029 2 4 4 1 13858
100 40 1030 1 2 1 1 13136
100 40 1031 6 5 3 1 11053
100 40 1032 6 5 4 1 14748
100 40 1033 3 3 2 1 13582
100 40 1034 1 5 3 1 10555
100 40 1035 6 2 2 2 19355
100 40 1036 3 4 4 2 16773
100 40 1037 6 2 3 2 18080
100 40 1038 2 2 3 2 17584
100 40 1039 4 5 1 2 19281
100 40 1040 4 2 2 1 19482
100 40 1041 4 5 3 1 12568
100 40 1042 3 5 4 1 16392
100 40 1043 4 2 3 1 12526
100 40 1044 6 4 2 2 11762
100 40 1045 1 2 2 1 15076
100 40 1046 5 2 1 2 18168
100 40 1047 4 3 4 1 10966
100 40 1048 1 2 3 2 15881
100 40 1049 1 2 1 2 10224
100 40 1050 4 3 3 2 10668
100 40 1051 4 5 3 2 12968
100 40 1052 6 3 4 1 13373
100 41 1053 5 2 4 1 15039
100 41 1054 2 4 2 1 12052
100 41 1055 1 5 2 2 15298
100 41 1056 1 3 3 2 17238
100 41 1057 5 2 3 2 12666
100 41 1058 3 2 4 1 13661
100 41 1059 6 5 3 1 11827
100 41 1060 1 4 4 2 19738
100 41 1061 2 2 4 2 18471
100 41 1062 2 5 1 1 19555
100 41 1063 3 3 1 1 14753
100 41 1064 2 4 1 1 12273
100 41 1065 1 4 1 1 16270
100 41 1066 3 5 3 2 11605
100 41 1067 6 2 3 2 12572
100 41 1068 6 2 4 1 12790
100 41 1069 5 2 2 1 13272
100 41 1070 6 3 4 2 14137
100 41 1071 1 3 3 2 19618
100 41 1072 3 2 1 1 12752
100 41 1073 1 5 1 1 18904
100 41 1074 2 4 1 2 13521
100 41 1075 1 5 3 1 18644
100 41 1076 4 5 2 1 10799
100 41 1077 3 2 4 2 18862
100 41 1078 6 5 3 1 16701
100 41 1079 3 2 3 2 19384
100 41 1080 4 5 4 2 12202
100 41 1081 2 3 2 1 11241
100 41 1082 1 5 3 1 11923
100 41 1083 3 5 2 2 19216
100 41 1084 3 5 3 1 18184
100 41 1085 3 4 2 1 17628
100 41 1086 3 3 3 1 15468
100 41 1087 2 2 3 2 15466
100 41 1088 3 4 3 1 18956
100 41 1089 4 4 1 1 11716
100 41 1090 2 3 1 1 11232
100 41 1091 4 5 2 1 17177
100 41 1092 5 3 4 1 14102
100 41 1093 2 2 3 2 19384
100 41 1094 5 3 3 1 11237
100 41 1095 4 3 4 1 13556
100 41 1096 4 5 4 1 13063
100 41 1097 5 4 3 2 12193
100 41 1098 3 2 1 1 12211
100 41 1099 5 4 2 1 10316
100 41 1100 1 2 4 1 14293
100 41 1101 1 2 1 1 16092
100 42 1102 4 5 1 1 13755
100 42 1103 3 4 1 2 11763
100 42 1104 1 2 1 1 19216
100 42 1105 2 2 4 1 16654
100 42 1106 5 5 2 1 16872
100 42 1107 4 4 3 2 19195
100 42 1108 2 4 3 2 17859
100 42 1109 1 4 1 2 11127
100 42 1110 3 4 2 1 11334
100 42 1111 2 4 4 2 12860
100 42 1112 1 5 2 1 10158
100 42 1113 2 4 4 2 15049
100 42 1114 6 3 1 1 17266
100 42 1115 6 4 3 1 14826
100 42 1116 1 2 4 1 10692
100 42 1117 2 3 1 1 16650
100 42 1118 4 3 2 2 19874
100 42 1119 2 3 2 1 14454
100 42 1120 5 5 4 2 12272
100 43 1121 6 2 4 1 12952
100 43 1122 3 3 3 1 16886
100 43 1123 6 2 1 1 13667
100 43 1124 3 3 1 1 17053
100 44 1125 6 4 4 1 17228
100 44 1126 1 5 1 1 10047
100 44 1127 4 5 4 2 18347
100 44 1128 6 3 4 2 18869
100 44 1129 3 3 1 2 12529
100 44 1130 2 3 1 1 12110
100 44 1131 6 2 3 2 11795
100 44 1132 4 2 2 2 15657
100 44 1133 3 5 1 1 10310
100 45 1134 4 5 2 2 13439
100 45 1135 1 2 1 2 18908
100 45 1136 4 3 4 2 16114
100 45 1137 3 4 2 2 10386
100 45 1138 4 5 3 2 16263
100 45 1139 5 5 2 1 15322
100 45 1140 4 3 1 1 16679
100 45 1141 1 3 1 2 15895
100 45 1142 5 3 2 2 19627
100 45 1143 2 5 1 2 10618
100 45 1144 3 4 3 2 12367
100 45 1145 5 3 4 2 13338
100 45 1146 6 5 1 1 18627
100 46 1147 1 2 3 1 17231
100 46 1148 5 2 1 2 13257
100 46 1149 3 5 4 1 16273
100 46 1150 4 5 1 1 17118
100 46 1151 2 4 1 1 17405
100 46 1152 6 3 4 2 15066
100 46 1153 3 5 1 1 10605
100 46 1154 4 5 1 1 19016
100 46 1155 1 5 4 1 11514
100 46 1156 6 4 2 1 19463
100 46 1157 1 3 4 1 18346
100 46 1158 5 3 1 1 19240
100 46 1159 2 5 1 1 11153
100 46 1160 4 4 3 1 12099
100 46 1161 3 4 3 1 16709
100 46 1162 6 5 3 2 14350
100 46 1163 1 3 2 2 18200
100 46 1164 1 4 3 1 19994
100 46 1165 2 5 2 2 13261
100 46 1166 2 3 2 2 11581
100 46 1167 6 5 4 2 19843
100 46 1168 5 3 3 1 14734
100 46 1169 6 3 4 2 11228
100 46 1170 5 4 4 2 13125
100 46 1171 1 3 2 2 19082
100 46 1172 1 4 4 1 10801
100 46 1173 4 5 3 2 19062
100 46 1174 5 5 4 1 11604
100 46 1175 1 3 3 1 19177
100 46 1176 4 5 1 1 18261
100 46 1177 1 5 1 1 11587
100 46 1178 5 5 4 1 10172
100 46 1179 5 4 4 2 18614
100 46 1180 4 5 4 2 12512
100 46 1181 3 4 4 2 10842
100 46 1182 2 4 4 1 13208
100 46 1183 3 2 3 1 19528
100 46 1184 4 4 4 1 15875
100 46 1185 5 5 4 2 19933
100 46 1186 6 2 4 2 16555
100 46 1187 6 5 3 1 12917
100 46 1188 5 2 4 1 16476
100 46 1189 1 5 2 2 10956
100 46 1190 4 4 3 2 17306
100 46 1191 4 4 3 2 15755
100 46 1192 6 3 3 1 14746
100 47 1193 4 5 4 2 13492
100 47 1194 1 4 4 2 12523
100 47 1195 1 3 4 2 14403
100 47 1196 1 2 2 1 16384
100 47 1197 5 4 3 1 13529
100 47 1198 5 2 4 2 11805
100 47 1199 1 4 3 1 11731
100 47 1200 5 4 2 1 17021
100 47 1201 1 2 1 2 18564
100 47 1202 4 4 2 2 16665
100 47 1203 1 3 2 1 17283
100 47 1204 2 5 4 2 14204
100 47 1205 2 4 3 1 18397
100 47 1206 3 3 3 2 18680
100 47 1207 4 4 3 1 17889
100 47 1208 2 3 1 2 12391
100 47 1209 6 2 1 2 17995
100 47 1210 3 4 1 2 12151
100 47 1211 5 5 3 1 12072
100 47 1212 2 3 2 2 18288
100 47 1213 3 2 4 1 12107
100 47 1214 5 5 1 1 11080
100 47 1215 5 3 4 1 16094
100 47 1216 2 2 3 2 10050
100 47 1217 6 2 4 2 17215
100 47 1218 1 5 3 2 18986
100 47 1219 2 2 2 2 10989
100 47 1220 2 5 3 2 14741
100 47 1221 1 4 3 2 15145
100 47 1222 6 4 2 2 11355
100 47 1223 6 5 2 1 19844
100 48 1224 3 4 1 2 13921
100 48 1225 4 4 1 1 17128
100 49 1226 6 3 3 1 16301
100 49 1227 2 3 3 1 17262
100 49 1228 4 2 1 2 10948
100 49 1229 4 3 1 2 13265
100 49 1230 1 3 3 1 11894
100 49 1231 5 2 1 1 13490
100 49 1232 4 4 1 1 10039
100 49 1233 2 2 3 2 15570
100 49 1234 6 4 4 2 16636
100 49 1235 2 4 2 1 10412
100 49 1236 5 4 4 1 10669
100 49 1237 2 5 3 2 14610
100 49 1238 1 4 3 2 19200
100 49 1239 2 4 3 2 17244
100 49 1240 4 4 3 2 17197
100 49 1241 1 5 4 2 12860
100 49 1242 5 5 4 1 13658
100 49 1243 6 2 4 1 12685
100 49 1244 2 4 3 2 11922
100 49 1245 5 3 1 1 10925
100 49 1246 6 4 2 2 13365
100 49 1247 1 2 4 1 16280
100 49 1248 5 4 3 2 13600
100 49 1249 5 4 2 1 16988
100 49 1250 3 3 2 1 16332
100 49 1251 6 4 1 2 19129
100 49 1252 5 2 3 1 11337
100 49 1253 6 5 3 2 16713
100 49 1254 5 4 2 1 16500
100 49 1255 5 5 2 2 11170
100 49 1256 6 2 1 1 14624
100 49 1257 4 2 1 2 10120
100 49 1258 1 3 1 1 13131
100 49 1259 2 2 4 2 15614
100 50 1260 5 2 2 2 13005
100 50 1261 3 5 3 2 10335
100 50 1262 4 5 4 1 11026
100 50 1263 1 2 1 1 10713
100 50 1264 3 5 3 2 13202
100 50 1265 6 3 2 2 10910
100 50 1266 6 2 2 2 16102
100 50 1267 1 2 2 1 10941
100 50 1268 4 4 2 2 11646
100 50 1269 5 4 4 1 10287
100 50 1270 4 5 1 1 13973
100 50 1271 2 5 1 1 12255
100 50 1272 4 3 3 2 17471
100 50 1273 2 4 4 1 19197
100 50 1274 5 2 2 2 16030
100 50 1275 5 5 4 2 17516
100 50 1276 3 5 3 1 16252
100 50 1277 3 5 3 2 11097
100 50 1278 6 4 2 2 16857
100 50 1279 4 4 4 2 11021
200 307 310 6 5 2 1 15
200 341 343 3 3 1 1 346
300 46 776338
200 259 261 5 4 2 2 920
200 80 82 5 2 3 1 516
300 1 253697
200 284 289 1 3 3 1 1230
200 231 235 4 5 4 2 237
300 11 340775
300 33 561898
300 30 296083
300 40 791348
200 55 56 5 3 3 1 199
300 50 296812
200 28 29 1 3 2 1 597
200 231 235 5 5 4 2 138
200 54 56 5 2 2 2 484
200 332 336 1 3 1 2 630
300 15 256524
300 40 870461
300 28 376660
200 310 315 4 4 4 2 1279
300 42 310055
300 43 66612
300 1 279059
200 140 143 3 2 1 2 865
300 18 740733
200 39 40 6 3 3 2 399
200 85 86 1 5 2 2 759
300 33 618073
200 227 228 2 3 3 1 977
200 255 257 4 2 1 2 1257
300 35 420416
300 16 72641
300 43 73271
200 213 218 6 4 1 2 635
300 15 282169
300 46 853951
200 349 354 3 4 1 1 602
300 14 487068
200 303 307 2 5 3 2 503
300 44 139576
200 240 241 5 3 3 1 199
200 309 312 5 4 2 1 227
300 18 814782
200 36 41 1 5 3 2 658
200 284 289 1 4 3 2 774
200 150 154 5 3 4 2 218
300 29 558245
300 4 66691
300 41 802163
200 215 216 4 3 1 1 75
200 325 327 4 4 2 2 937
200 175 176 3 4 3 2 1144
300 45 217333
200 164 168 2 4 3 1 586
200 26 29 1 2 3 2 222
200 199 200 5 2 2 1 69
300 10 728051
300 1 306956
300 5 567614
200 146 147 6 3 4 2 847
300 46 939323
300 30 325684
300 48 34153
200 67 72 1 2 2 2 203
200 303 307 5 2 3 2 996
200 1 5 4 4 4 1 541
300 39 321410
300 2 353871
300 37 621735
300 11 374844
300 33 679865
300 17 509077
300 47 509368
300 44 153532
200 97 98 6 3 1 2 584
300 18 896236
200 181 182 5 3 4 2 218
200 57 58 4 5 1 2 896
200 272 277 2 5 3 2 503
300 25 147746
300 7 799753
200 26 29 2 2 4 1 660
300 21 711710
200 203 208 5 5 2 2 1255
300 8 285621
300 45 239059
300 9 342821
300 1 337646
200 286 288 2 2 3 1 961
200 83 85 4 2 1 2 1257
300 2 389249
300 36 636389
300 32 743106
300 4 73358
200 98 102 5 4 3 1 307
300 20 322462
200 214 215 3 4 4 2 200
200 51 53 5 2 1 1 387
300 17 559969
300 50 326485
200 23 26 4 2 1 1 761
300 9 377093
200 240 241 5 3 2 1 810
200 98 103 6 4 1 2 635
300 12 63384
200 38 39 1 5 1 1 1126
200 50 52 2 2 1 1 709
300 46 1033233
300 10 800838
300 32 817396
300 22 285434
200 95 96 1 3 1 2 630
200 264 266 4 3 4 1 850
300 11 412319
300 41 882358
300 20 354700
200 338 341 3 2 2 2 228
300 50 359124
200 99 100 5 5 1 1 1214
300 36 700008
200 144 145 6 2 1 2 702
200 349 353 3 4 2 2 618
200 237 241 3 3 4 2 923
300 29 614053
200 293 294 5 2 2 1 69
200 248 252 2 3 2 2 466
300 42 341050
200 103 106 1 4 2 1 679
300 4 80692
200 273 278 1 4 2 2 37
200 65 67 5 4 3 2 100
300 47 560291
200 49 52 5 2 2 2 484
200 159 163 4 5 1 2 83
300 6 722149
200 320 322 4 4 1 2 822
300 16 79903
200 217 222 2 5 1 2 456
300 8 314174
300 14 535761
200 7 9 6 3 1 1 615
200 102 104 2 4 3 1 586
300 49 529847
300 28 414314
300 40 957487
300 39 353542
300 48 37568
200 145 146 5 2 3 2 1057
200 8 9 4 3 2 2 543
200 137 139 1 3 3 1 1230
200 276 281 4 5 3 1 1041
200 268 269 2 4 4 2 933
300 20 390161
300 3 219560
300 9 414792
200 181 183 2 5 1 1 176
200 22 27 3 4 2 2 618
200 108 112 2 4 2 1 1235
300 37 683892
300 28 455736
300 14 589323
300 18 985840
200 182 185 6 3 4 2 847
300 36 769990
200 287 288 5 4 3 1 270
300 8 345583
200 285 286 5 5 3 2 454
200 94 97 5 5 2 1 55
300 17 615953
300 11 453542
300 3 241509
200 216 218 5 3 3 1 199
300 7 879705
300 12 69720
300 27 655720
200 94 97 2 2 3 1 961
300 35 462447
200 237 239 5 4 1 2 581
300 31 67246
300 21 782857
200 137 142 6 2 3 1 559
300 39 388887
300 41 970573
300 38 218390
300 37 752263
300 10 880898
300 45 262958
300 36 846968
200 260 263 2 5 4 2 376
200 214 216 5 3 4 2 218
200 257 258 4 4 3 2 442
300 45 289249
200 313 316 1 2 3 1 490
200 212 214 2 5 3 2 571
200 142 146 2 2 2 1 113
300 17 677533
200 29 31 6 4 1 1 322
300 14 648243
400
50 19 2 26 49 33 20 10 41 33 48 23 48 35 27 10 25 32 23 24 45 12 30 18 3 13 49 1 1 9 37 5 31 17 34 38 18 46 27 50 25 20 2 4 5 39 26 11 20 9 40 
100 1 1 7 3 1 2 17997
100 1 2 1 3 4 1 16727
100 1 3 1 3 2 1 15984
100 1 4 3 4 4 1 15655
100 1 5 2 4 3 2 11721
100 1 6 3 5 3 2 18972
100 1 7 3 2 2 1 13046
100 1 8 1 4 3 1 13018
100 1 9 3 4 3 1 15810
100 1 10 1 3 1 1 13460
100 1 11 1 4 3 1 13845
100 1 12 4 3 1 1 19279
100 1 13 6 2 4 2 12711
100 1 14 3 4 2 2 12557
100 1 15 3 5 4 1 19995
100 1 16 4 3 3 1 16682
100 1 17 3 4 4 2 19584
100 1 18 7 4 3 2 18081
100 1 19 5 5 3 2 19001
100 2 20 2 2 1 2 13891
100 2 21 7 3 2 2 13640
100 3 22 6 5 2 2 11209
100 3 23 2 4 3 1 15939
100 3 24 7 3 4 1 19232
100 3 25 2 4 1 1 12640
100 3 26 5 2 3 2 14101
100 3 27 2 3 4 2 18130
100 3 28 3 4 1 2 12322
100 3 29 4 5 2 1 15170
100 3 30 6 3 4 1 16860
100 3 31 1 4 1 1 10253
100 3 32 3 3 1 2 12366
100 3 33 5 4 1 1 10611
100 3 34 2 5 1 1 13345
100 3 35 3 3 1 2 16743
100 3 36 6 3 3 1 13903
100 3 37 2 4 1 1 10380
100 3 38 4 2 2 2 16967
100 3 39 3 3 4 2 10809
100 3 40 7 5 4 2 10409
100 3 41 1 2 1 2 14010
100 3 42 6 3 3 1 11398
100 3 43 2 4 4 2 12899
100 3 44 6 3 2 2 13793
100 3 45 6 2 2 2 11203
100 3 46 2 5 1 1 13309
100 3 47 4 5 1 1 16238
100 4 48 3 4 4 1 15706
100 4 49 3 3 3 2 12364
100 4 50 7 2 1 1 11449
100 4 51 3 4 1 1 14165
100 4 52 2 4 4 2 10419
100 4 53 4 5 2 1 14713
100 4 54 6 5 1 2 12119
100 4 55 6 4 3 2 19285
100 4 56 7 2 1 2 11327
100 4 57 4 5 4 1 10516
100 4 58 1 3 2 1 16246
100 4 59 7 3 2 2 18450
100 4 60 7 4 2 2 18532
100 4 61 3 3 3 2 12208
100 4 62 5 4 1 1 12768
100 4 63 2 5 4 1 17260
100 4 64 7 3 3 1 11256
100 4 65 3 3 2 2 19872
100 4 66 5 4 1 2 14586
100 4 67 2 4 1 1 16386
100 4 68 5 3 4 2 10376
100 4 69 7 3 1 1 10931
100 4 70 6 2 4 1 18858
100 4 71 3 4 1 2 13588
100 4 72 7 4 3 1 19146
100 4 73 3 3 3 1 15667
100 4 74 1 3 1 2 11464
100 4 75 2 5 1 2 19726
100 4 76 3 2 2 1 10325
100 4 77 7 5 4 1 11342
100 4 78 3 3 2 2 10631
100 4 79 5 4 1 2 15380
100 4 80 4 5 1 1 18848
100 4 81 1 3 3 2 10243
100 4 82 2 5 2 1 18917
100 4 83 5 3 1 1 12553
100 4 84 6 5 4 2 15319
100 4 85 1 2 4 1 19793
100 4 86 2 3 4 1 18720
100 4 87 3 5 2 2 17012
100 4 88 6 5 4 1 17509
100 4 89 6 5 2 2 19132
100 4 90 6 4 1 2 16508
100 4 91 1 4 3 1 10628
100 4 92 4 5 3 1 12157
100 4 93 4 2 4 2 15697
100 4 94 2 5 4 1 19218
100 4 95 1 4 4 1 14818
100 4 96 1 4 1 1 18762
100 5 97 2 3 4 2 15292
100 5 98 3 5 4 2 16523
100 5 99 5 4 2 1 11864
100 5 100 1 2 1 2 17194
100 5 101 3 4 3 1 10695
100 5 102 6 5 2 1 13916
100 5 103 3 2 4 2 11633
100 5 104 5 3 4 2 17862
100 5 105 7 3 3 1 18917
100 5 106 5 3 3 1 12643
100 5 107 5 4 4 1 14496
100 5 108 5 2 1 2 19686
100 5 109 6 5 2 2 14015
100 5 110 1 2 4 2 10803
100 5 111 7 5 2 2 19669
100 5 112 5 5 2 2 14753
100 5 113 5 4 4 1 17102
100 5 114 1 2 4 2 16108
100 5 115 1 2 1 1 14044
100 5 116 7 4 1 1 17978
100 5 117 7 5 4 2 13226
100 5 118 4 5 3 1 12494
100 5 119 5 2 3 1 16024
100 5 120 4 2 1 2 11865
100 5 121 7 3 2 1 11842
100 5 122 6 5 1 1 17039
100 5 123 2 3 3 1 15216
100 5 124 5 2 2 1 10422
100 5 125 5 4 1 2 19933
100 5 126 5 3 3 1 11082
100 5 127 5 5 4 1 12679
100 5 128 1 3 3 2 10910
100 5 129 4 3 2 1 15119
100 6 130 3 4 1 2 11562
100 6 131 6 3 4 2 11522
100 6 132 4 4 4 1 16543
100 6 133 6 3 3 2 16575
100 6 134 1 3 4 1 11367
100 6 135 7 5 1 2 15734
100 6 136 4 2 4 1 11637
100 6 137 2 2 2 2 12328
100 6 138 7 3 2 1 11328
100 6 139 6 5 3 1 17072
100 6 140 2 2 3 1 12745
100 6 141 4 5 4 2 16927
100 6 142 4 2 3 2 13897
100 6 143 1 5 3 1 11896
100 6 144 4 5 3 1 18520
100 6 145 3 2 2 2 15556
100 6 146 3 5 2 1 16054
100 6 147 5 4 3 2 15447
100 6 148 7 2 3 2 11682
100 6 149 5 2 2 1 12779
100 7 150 7 5 1 1 11480
100 7 151 6 3 3 1 16536
100 7 152 4 3 1 2 17700
100 7 153 4 5 2 2 10733
100 7 154 6 2 1 1 15703
100 7 155 4 3 2 2 11389
100 7 156 7 3 1 2 17847
100 7 157 1 3 1 1 11562
100 7 158 1 2 1 2 18096
100 7 159 7 5 4 1 16675
100 8 160 5 3 1 2 17401
100 8 161 5 5 2 2 19106
100 8 162 7 5 1 1 17824
100 8 163 4 2 4 1 10632
100 8 164 4 3 3 2 11740
100 8 165 1 4 1 1 18900
100 8 166 6 3 1 1 12530
100 8 167 3 3 1 2 18300
100 8 168 3 4 1 1 14766
100 8 169 5 4 4 2 18741
100 8 170 5 3 2 2 18549
100 8 171 4 3 2 1 19781
100 8 172 4 2 4 2 13209
100 8 173 4 4 1 2 11204
100 8 174 5 2 1 2 12705
100 8 175 6 3 1 1 15398
100 8 176 5 3 4 1 17227
100 8 177 2 5 1 1 16957
100 8 178 1 2 2 1 10891
100 8 179 1 2 3 2 16034
100 8 180 4 5 2 1 11479
100 8 181 5 5 1 1 13037
100 8 182 5 4 3 2 11974
100 8 183 5 2 1 2 19309
100 8 184 4 4 2 1 10301
100 8 185 3 2 4 2 19397
100 8 186 3 3 2 2 12236
100 8 187 5 5 1 2 16324
100 8 188 7 5 3 1 10087
100 8 189 7 2 1 1 13426
100 8 190 5 2 4 1 17181
100 8 191 3 4 1 1 13182
100 8 192 4 5 4 2 14389
100 8 193 1 4 2 2 12972
100 8 194 6 4 3 1 19766
100 8 195 2 4 1 1 16930
100 8 196 3 5 4 1 10636
100 8 197 2 3 4 1 12044
100 8 198 5 3 2 1 14213
100 8 199 5 3 3 2 11210
100 8 200 6 5 4 1 17993
100 9 201 5 2 4 2 16963
100 9 202 4 2 2 2 19980
100 9 203 5 3 3 2 13576
100 9 204 4 3 1 1 15916
100 9 205 2 4 2 1 17560
100 9 206 5 3 4 2 16579
100 9 207 1 4 2 2 19592
100 9 208 3 2 1 2 11634
100 9 209 5 2 1 1 16930
100 9 210 4 5 4 2 12931
100 9 211 7 3 3 1 16469
100 9 212 2 3 2 2 10786
100 9 213 6 2 3 1 16471
100 9 214 4 5 1 2 11296
100 9 215 7 4 1 2 18415
100 9 216 7 3 1 1 11405
100 9 217 5 2 1 1 11859
100 9 218 3 3 3 1 15478
100 9 219 3 4 4 2 13053
100 9 220 6 3 3 1 15631
100 9 221 4 5 1 1 19644
100 9 222 6 3 1 2 17351
100 9 223 3 5 2 1 19120
100 9 224 1 4 2 2 15546
100 9 225 7 4 3 2 16709
100 9 226 6 5 4 1 14786
100 9 227 6 2 3 1 19544
100 9 228 4 5 2 2 12213
100 9 229 7 4 2 1 13809
100 9 230 5 5 2 1 11480
100 9 231 4 3 3 2 15194
100 9 232 3 5 2 2 11280
100 9 233 1 2 3 1 12842
100 10 234 4 2 3 2 18699
100 10 235 4 4 4 2 11873
100 10 236 2 4 4 2 10234
100 10 237 1 4 3 2 14595
100 10 238 4 5 4 2 18664
100 10 239 4 4 1 2 11667
100 10 240 6 2 2 1 14486
100 10 241 1 3 1 2 14298
100 10 242 1 5 2 1 11894
100 10 243 3 4 1 1 17112
100 10 244 2 4 4 1 14155
100 10 245 5 5 2 2 10673
100 10 246 7 2 2 1 17790
100 10 247 4 4 3 1 11238
100 10 248 7 2 3 1 11963
100 10 249 2 4 1 2 17486
100 10 250 2 3 1 1 12749
100 10 251 3 5 1 2 19840
100 10 252 5 5 3 2 17494
100 10 253 6 3 1 1 14993
100 10 254 7 4 3 2 17575
100 10 255 4 5 3 1 14720
100 10 256 5 4 4 2 19919
100 10 257 5 5 4 1 13510
100 10 258 2 3 3 1 14926
100 10 259 2 4 3 2 10065
100 10 260 3 4 1 2 12751
100 10 261 2 3 1 1 11579
100 10 262 2 2 2 2 13187
100 10 263 2 4 2 1 11522
100 10 264 5 5 1 1 16568
100 10 265 6 2 2 1 15427
100 10 266 3 5 4 1 12428
100 10 267 6 3 4 2 17784
100 10 268 5 2 2 2 13900
100 10 269 4 4 4 2 10491
100 10 270 2 4 2 1 14822
100 10 271 6 2 3 1 12130
100 10 272 3 4 4 1 17743
100 10 273 7 5 2 1 14925
100 10 274 7 3 1 1 12140
100 10 275 6 4 4 2 18018
100 10 276 5 3 2 2 15129
100 10 277 7 2 3 1 18355
100 10 278 5 5 2 2 10824
100 10 279 5 4 4 2 15706
100 10 280 6 5 3 1 16608
100 10 281 7 2 3 1 10542
100 11 282 3 3 4 2 14937
100 11 283 6 4 2 2 19109
100 11 284 4 3 2 2 15365
100 11 285 5 2 1 1 19367
100 11 286 4 2 2 1 18918
100 11 287 4 3 1 1 10759
100 11 288 7 5 2 1 16845
100 11 289 1 3 3 2 13605
100 11 290 4 3 1 1 14097
100 11 291 1 5 4 2 11479
100 11 292 6 5 1 1 19667
100 11 293 4 4 2 2 10624
100 11 294 6 5 1 1 11982
100 11 295 3 5 3 1 10315
100 11 296 6 4 3 1 12252
100 11 297 7 4 3 2 12501
100 11 298 2 3 2 2 19062
100 11 299 3 3 4 2 10276
100 11 300 5 3 4 2 17482
100 11 301 7 4 1 1 16858
100 11 302 1 4 1 1 10246
100 11 303 7 2 2 2 14796
100 11 304 3 3 1 2 17044
100 12 305 5 5 4 2 17876
100 12 306 7 3 3 2 19901
100 12 307 7 4 1 1 10636
100 12 308 7 4 1 1 11157
100 12 309 4 5 2 1 14582
100 12 310 4 3 2 2 10790
100 12 311 3 4 3 1 10291
100 12 312 5 2 4 2 14724
100 12 313 5 3 1 1 17868
100 12 314 5 3 3 1 18642
100 12 315 7 4 2 2 12979
100 12 316 2 2 4 1 10692
100 12 317 6 5 1 2 17785
100 12 318 4 5 4 2 17930
100 12 319 2 4 3 2 14093
100 12 320 5 4 1 1 16572
100 12 321 7 2 2 2 13197
100 12 322 4 5 2 2 19155
100 12 323 6 2 2 2 19232
100 12 324 7 4 2 1 14905
100 12 325 4 3 1 2 11338
100 12 326 1 4 4 2 16001
100 12 327 1 3 2 1 11165
100 12 328 3 2 3 1 10401
100 12 329 1 2 2 1 18888
100 12 330 5 2 4 1 18368
100 12 331 3 5 2 2 11854
100 12 332 6 5 4 1 18843
100 12 333 1 4 1 2 12119
100 12 334 7 4 2 2 15617
100 12 335 7 5 1 1 16792
100 12 336 2 4 2 2 10014
100 12 337 6 2 3 2 13717
100 12 338 5 5 4 2 17122
100 12 339 5 4 3 2 18878
100 12 340 3 3 2 2 19751
100 12 341 4 3 3 1 19537
100 12 342 7 4 2 2 11873
100 12 343 3 5 4 1 16776
100 12 344 5 3 4 2 12142
100 12 345 7 4 1 1 11199
100 12 346 3 2 3 2 12337
100 12 347 6 2 2 2 17731
100 12 348 5 5 1 2 16058
100 12 349 6 4 4 1 14844
100 12 350 5 5 2 2 19420
100 12 351 1 3 1 2 12122
100 12 352 7 4 3 2 11331
100 13 353 4 2 2 2 17219
100 13 354 3 5 1 2 16059
100 13 355 5 2 1 2 12933
100 13 356 5 2 4 1 18776
100 13 357 3 5 1 1 13696
100 13 358 3 5 2 1 17173
100 13 359 1 5 3 1 12512
100 13 360 2 4 4 2 10610
100 13 361 6 2 1 2 19845
100 13 362 4 5 3 1 11988
100 13 363 5 4 1 2 18111
100 13 364 4 4 4 1 19752
100 13 365 3 4 2 1 12587
100 13 366 5 2 1 1 12637
100 13 367 5 3 4 2 13023
100 13 368 5 5 4 2 13492
100 13 369 2 3 2 2 17291
100 13 370 6 5 4 1 19313
100 13 371 6 3 2 1 10816
100 13 372 1 5 4 2 11253
100 13 373 4 2 1 2 11293
100 13 374 3 4 1 2 10975
100 13 375 7 3 4 1 13026
100 13 376 4 4 2 1 11142
100 13 377 2 3 4 1 17615
100 13 378 5 2 3 2 19132
100 13 379 3 5 4 2 16573
100 13 380 4 5 1 1 11343
100 13 381 2 3 3 2 18570
100 13 382 4 2 3 1 11989
100 13 383 7 5 3 1 12789
100 13 384 4 5 2 1 19802
100 13 385 4 3 3 2 12113
100 13 386 1 3 2 1 18179
100 13 387 7 2 2 2 11886
100 14 388 2 5 3 2 11657
100 14 389 7 4 4 2 18331
100 14 390 2 5 4 2 11216
100 14 391 5 4 3 2 11643
100 14 392 7 4 4 1 10613
100 14 393 1 2 3 2 17667
100 14 394 5 3 3 1 10041
100 14 395 6 5 2 1 17100
100 14 396 2 2 2 2 19272
100 14 397 4 4 2 1 16925
100 14 398 3 4 1 1 19572
100 14 399 3 3 4 1 10009
100 14 400 4 4 1 2 10767
100 14 401 3 2 3 1 13867
100 14 402 1 3 2 1 10467
100 14 403 4 5 3 1 14218
100 14 404 5 5 2 2 11610
100 14 405 7 3 2 2 17504
100 14 406 3 2 4 2 14329
100 14 407 1 5 2 1 11913
100 14 408 2 3 1 2 13222
100 14 409 2 5 2 2 14629
100 14 410 3 5 4 2 12316
100 14 411 6 2 3 2 15177
100 14 412 6 5 4 2 10332
100 14 413 3 3 2 1 13802
100 14 414 3 3 1 2 18028
100 15 415 4 2 2 1 14584
100 15 416 6 4 4 2 19883
100 15 417 4 5 1 1 10286
100 15 418 4 2 2 1 11826
100 15 419 2 2 4 1 19554
100 15 420 6 3 3 2 15059
100 15 421 6 5 4 2 18226
100 15 422 1 4 2 1 19339
100 15 423 1 3 1 2 15320
100 15 424 6 5 2 2 15666
100 16 425 2 5 3 2 10618
100 16 426 4 5 3 1 16215
100 16 427 1 4 3 1 16576
100 16 428 2 5 4 1 19300
100 16 429 5 4 2 2 11685
100 16 430 5 3 3 2 17405
100 16 431 7 2 4 2 10974
100 16 432 1 5 3 1 11574
100 16 433 3 2 4 2 11295
100 16 434 1 2 2 2 18145
100 16 435 1 4 4 2 11011
100 16 436 4 3 2 2 19596
100 16 437 6 3 4 2 13716
100 16 438 2 4 3 2 16424
100 16 439 3 4 2 1 17925
100 16 440 3 2 3 1 11860
100 16 441 1 2 2 2 18488
100 16 442 1 4 1 2 11514
100 16 443 2 4 4 1 17839
100 16 444 2 5 2 2 15801
100 16 445 6 2 1 1 16036
100 16 446 5 2 4 2 18184
100 16 447 7 5 1 2 14841
100 16 448 3 4 3 2 11451
100 16 449 1 4 4 1 13955
100 17 450 4 3 1 1 16880
100 17 451 6 5 4 2 16330
100 17 452 3 4 4 1 17791
100 17 453 7 5 2 1 15949
100 17 454 7 2 3 2 16543
100 17 455 6 3 2 2 11917
100 17 456 2 4 2 1 11938
100 17 457 2 2 2 1 18467
100 17 458 4 3 4 1 14374
100 17 459 5 4 3 1 18450
100 17 460 3 5 1 1 17332
100 17 461 3 4 1 2 18540
100 17 462 3 2 2 1 13679
100 17 463 6 4 4 1 19062
100 17 464 2 2 1 1 10402
100 17 465 6 2 2 2 12318
100 17 466 1 3 1 2 15617
100 17 467 7 5 4 2 12821
100 17 468 1 3 3 2 14052
100 17 469 4 4 4 1 10593
100 17 470 3 4 1 2 12770
100 17 471 7 3 1 2 17789
100 17 472 2 4 3 2 16984
100 17 473 2 3 2 2 19712
100 17 474 5 3 3 1 17596
100 17 475 4 4 1 1 14086
100 17 476 1 5 4 1 14429
100 17 477 3 5 4 2 17585
100 17 478 7 5 1 1 11363
100 17 479 2 3 1 2 18673
100 17 480 3 5 2 1 12532
100 17 481 6 5 3 2 12998
100 18 482 2 2 3 2 11701
100 18 483 5 3 1 2 15071
100 18 484 2 3 2 1 18724
100 18 485 7 2 2 2 10261
100 18 486 7 3 4 1 18850
100 18 487 3 4 1 2 17587
100 18 488 4 3 4 2 13117
100 18 489 3 3 4 2 19716
100 18 490 6 5 1 2 18558
100 18 491 4 2 2 1 11561
100 18 492 2 4 4 1 13695
100 18 493 3 5 1 1 18745
100 18 494 4 3 3 2 16964
100 18 495 5 4 1 2 14120
100 18 496 6 5 2 2 15419
100 18 497 6 4 1 2 19489
100 18 498 1 2 3 1 18029
100 18 499 5 3 4 1 18198
100 18 500 5 2 4 1 19417
100 18 501 6 4 1 2 13917
100 18 502 2 3 2 2 17137
100 18 503 2 3 2 1 17083
100 18 504 3 2 1 2 12203
100 19 505 5 2 4 2 17557
100 19 506 1 2 2 2 12236
100 19 507 6 2 1 1 14840
100 19 508 7 2 4 2 12961
100 19 509 5 4 2 1 14184
100 19 510 2 5 4 2 13028
100 19 511 2 3 1 1 11736
100 19 512 7 4 4 1 14206
100 19 513 1 2 4 2 14338
100 19 514 2 3 3 2 10985
100 19 515 6 5 3 2 10023
100 19 516 6 4 2 1 17867
100 19 517 6 2 3 1 13968
100 19 518 7 2 4 2 13310
100 19 519 4 5 2 1 11794
100 19 520 4 5 4 2 11034
100 19 521 7 3 4 1 11608
100 19 522 1 2 3 1 11911
100 19 523 2 5 1 2 14446
100 19 524 6 4 3 1 11549
100 19 525 2 5 4 2 11444
100 19 526 3 4 1 2 11315
100 19 527 4 2 2 2 10381
100 19 528 3 5 4 1 14008
100 20 529 3 3 4 2 14094
100 20 530 1 3 3 1 15164
100 20 531 6 4 2 2 19855
100 20 532 7 4 3 1 18500
100 20 533 6 2 1 2 11826
100 20 534 6 5 3 2 17083
100 20 535 2 3 1 2 19157
100 20 536 2 3 1 1 13108
100 20 537 6 4 1 1 10016
100 20 538 3 4 1 1 15585
100 20 539 1 5 4 2 13483
100 20 540 2 3 3 1 10973
100 20 541 2 4 4 1 11153
100 20 542 5 2 4 2 14131
100 20 543 6 2 1 2 12998
100 20 544 2 3 3 1 12929
100 20 545 3 5 1 1 10860
100 20 546 2 2 1 1 19605
100 20 547 1 3 2 2 15130
100 20 548 1 3 2 1 15292
100 20 549 3 4 3 1 17769
100 20 550 3 4 4 1 15226
100 20 551 4 3 1 1 14545
100 20 552 2 3 2 2 15042
100 20 553 2 2 4 1 15652
100 20 554 2 4 1 1 14985
100 20 555 5 2 3 2 19801
100 20 556 2 4 1 1 12424
100 20 557 4 2 4 1 13669
100 20 558 5 2 1 2 10116
100 20 559 4 3 3 1 14318
100 20 560 4 3 2 2 10002
100 20 561 3 3 1 1 13391
100 20 562 5 5 2 2 16981
100 20 563 4 4 1 1 10199
100 20 564 2 3 3 2 18636
100 20 565 3 5 2 2 17576
100 20 566 3 5 4 2 11194
100 20 567 5 4 3 2 13444
100 20 568 2 3 3 1 17276
100 20 569 1 2 1 2 13816
100 20 570 4 2 4 1 11362
100 20 571 2 5 3 2 14792
100 20 572 5 4 2 2 13639
100 20 573 4 3 3 1 18933
100 21 574 7 3 2 1 19416
100 21 575 1 3 1 1 10274
100 21 576 2 5 2 1 12676
100 21 577 3 4 2 2 14190
100 21 578 1 2 2 1 19839
100 21 579 4 4 3 2 11266
100 21 580 5 5 3 1 11134
100 21 581 1 4 4 2 10245
100 21 582 4 5 3 2 13693
100 21 583 1 5 3 1 11930
100 21 584 4 3 2 2 15404
100 21 585 5 4 2 2 13794
100 22 586 5 5 4 1 11277
100 22 587 2 4 4 1 10018
100 22 588 2 5 2 1 19605
100 22 589 5 2 3 2 12037
100 22 590 2 5 3 2 19471
100 22 591 6 3 4 2 11248
100 22 592 6 2 4 1 11984
100 22 593 2 4 2 2 16140
100 22 594 2 2 3 2 15314
100 22 595 6 4 1 2 11336
100 22 596 4 5 4 1 15530
100 22 597 7 3 1 1 19541
100 22 598 2 5 4 2 16309
100 22 599 2 2 2 1 19920
100 22 600 7 2 4 1 18731
100 22 601 7 3 4 2 19958
100 22 602 7 4 1 1 11769
100 22 603 5 3 1 1 16006
100 22 604 3 2 3 2 18970
100 22 605 7 3 4 2 13083
100 22 606 6 2 1 1 14651
100 22 607 5 3 2 2 10853
100 22 608 1 3 1 2 11103
100 22 609 6 5 1 2 12991
100 22 610 2 5 2 1 15840
100 22 611 1 5 1 1 13462
100 22 612 4 5 2 2 19433
100 22 613 4 5 3 1 12334
100 22 614 5 5 2 1 18833
100 22 615 5 4 3 1 10579
100 23 616 5 4 4 2 14369
100 23 617 1 5 3 1 17785
100 23 618 5 2 3 1 10617
100 23 619 7 4 1 2 14417
100 23 620 6 2 2 1 10287
100 23 621 6 3 1 1 11051
100 23 622 3 5 2 1 12044
100 23 623 6 5 2 1 17038
100 23 624 2 2 2 2 19451
100 23 625 3 3 4 2 12603
100 23 626 5 4 3 1 12170
100 23 627 5 4 3 2 16760
100 23 628 6 5 2 2 10485
100 23 629 5 3 2 1 11219
100 23 630 3 3 4 2 15827
100 23 631 4 4 1 1 11872
100 23 632 6 5 2 2 12408
100 23 633 7 2 1 2 19873
100 24 634 3 2 1 1 12573
100 24 635 7 3 2 2 18527
100 24 636 4 4 4 1 17804
100 25 637 4 2 2 1 17051
100 25 638 1 5 2 1 16628
100 25 639 5 2 3 1 13639
100 25 640 3 3 4 2 12315
100 25 641 3 3 1 2 19127
100 25 642 2 5 4 1 11936
100 25 643 5 5 4 1 11981
100 25 644 3 3 2 2 13222
100 25 645 3 5 4 1 10091
100 25 646 5 4 1 2 19021
100 25 647 4 3 1 1 10437
100 25 648 5 3 1 2 16169
100 25 649 5 2 3 2 12577
100 26 650 2 3 3 1 15782
100 26 651 7 2 1 2 16477
100 26 652 4 3 1 1 14491
100 26 653 2 3 4 1 17567
100 26 654 2 2 3 2 11523
100 26 655 1 2 4 1 18095
100 26 656 1 3 4 2 13882
100 26 657 6 2 3 2 19014
100 26 658 4 4 1 2 15893
100 26 659 5 3 2 1 12432
100 26 660 2 4 1 1 12102
100 26 661 6 5 1 1 11225
100 26 662 5 4 3 2 15870
100 26 663 6 3 1 2 10366
100 26 664 5 3 2 2 16300
100 26 665 6 5 2 2 14801
100 26 666 4 4 3 1 18022
100 26 667 1 5 3 2 10681
100 26 668 2 2 4 2 11046
100 26 669 6 2 4 1 13869
100 26 670 4 5 1 2 10395
100 26 671 1 3 4 2 10848
100 26 672 6 4 3 1 15168
100 26 673 1 5 1 2 15967
100 26 674 7 3 4 1 17096
100 26 675 3 5 1 2 18480
100 26 676 2 4 2 2 19437
100 26 677 3 3 3 1 11924
100 26 678 2 5 3 2 16425
100 26 679 2 3 2 1 16456
100 26 680 4 2 3 1 13179
100 26 681 2 5 2 2 17395
100 26 682 3 3 4 2 11421
100 26 683 3 5 4 1 19376
100 26 684 4 4 3 1 12308
100 26 685 1 4 2 1 13562
100 26 686 7 3 1 1 17084
100 26 687 3 5 3 2 14138
100 26 688 4 2 2 2 18742
100 26 689 6 2 3 1 15877
100 26 690 1 2 2 2 16075
100 26 691 3 2 2 1 15704
100 26 692 2 4 1 1 10117
100 26 693 7 5 2 2 10528
100 26 694 4 4 2 2 11885
100 26 695 6 2 4 2 15312
100 26 696 2 4 4 1 11006
100 26 697 1 3 1 1 19182
100 26 698 5 2 4 2 15932
100 27 699 4 3 2 1 10493
100 28 700 5 5 2 1 17967
100 29 701 5 2 1 2 14458
100 29 702 4 2 1 1 17560
100 29 703 4 2 2 1 19704
100 29 704 1 3 2 2 12197
100 29 705 6 5 2 1 12846
100 29 706 4 2 4 2 12158
100 29 707 7 5 3 2 18775
100 29 708 7 3 4 2 15078
100 29 709 4 3 3 2 11362
100 30 710 5 2 1 2 14237
100 30 711 4 4 1 1 12436
100 30 712 4 4 3 1 10831
100 30 713 5 3 4 2 14662
100 30 714 2 4 1 1 19588
100 30 715 5 5 3 2 13216
100 30 716 5 2 1 1 13888
100 30 717 4 5 1 2 16131
100 30 718 4 5 1 1 11695
100 30 719 5 3 2 1 18200
100 30 720 7 2 4 2 18406
100 30 721 2 3 3 2 16894
100 30 722 2 2 2 2 13108
100 30 723 2 4 4 2 11928
100 30 724 5 3 3 2 11561
100 30 725 2 3 4 1 15215
100 30 726 2 3 4 1 17576
100 30 727 2 2 1 1 14399
100 30 728 5 5 1 1 17415
100 30 729 4 4 3 1 11729
100 30 730 4 3 3 1 12599
100 30 731 6 4 2 2 10147
100 30 732 1 4 4 2 10672
100 30 733 1 2 2 1 12090
100 30 734 2 3 2 2 15219
100 30 735 7 4 4 2 10743
100 30 736 2 2 1 1 15155
100 30 737 2 2 4 2 16140
100 30 738 4 4 2 1 10908
100 30 739 3 4 2 1 13913
100 30 740 4 4 3 2 12743
100 30 741 6 5 2 2 19820
100 30 742 4 5 2 1 16673
100 30 743 3 5 2 1 18256
100 30 744 6 5 2 2 17167
100 30 745 4 5 4 1 13843
100 30 746 4 4 3 2 16981
100 31 747 3 4 1 1 17798
100 31 748 6 4 1 1 13287
100 31 749 3 2 3 1 10259
100 31 750 7 4 2 1 12117
100 31 751 6 4 1 2 13857
100 32 752 5 4 2 2 12003
100 32 753 4 2 1 1 12811
100 32 754 1 3 4 2 13096
100 32 755 2 2 3 2 19544
100 32 756 6 5 1 1 16298
100 32 757 3 3 4 1 12030
100 32 758 2 4 2 2 12135
100 32 759 2 2 1 1 15859
100 32 760 2 5 3 2 10095
100 32 761 2 3 4 1 14353
100 32 762 3 4 2 1 17887
100 32 763 5 2 4 1 14291
100 32 764 4 3 1 2 14096
100 32 765 6 5 3 1 10691
100 32 766 4 2 1 1 11493
100 32 767 4 5 2 1 16116
100 32 768 4 3 1 2 17777
100 32 769 1 4 3 2 15426
100 32 770 2 3 2 2 13465
100 32 771 6 3 3 1 13568
100 32 772 6 3 3 1 12331
100 32 773 5 5 2 2 13834
100 32 774 3 3 3 1 13437
100 32 775 4 2 2 1 16037
100 32 776 5 2 2 1 10512
100 32 777 6 5 3 2 10368
100 32 778 3 4 1 2 17703
100 32 779 1 3 2 2 17081
100 32 780 1 2 4 1 16322
100 32 781 3 2 4 2 10512
100 32 782 2 4 1 1 16132
100 33 783 1 3 4 2 15229
100 33 784 6 2 1 2 12341
100 33 785 6 5 3 1 17572
100 33 786 5 2 1 2 16783
100 33 787 3 3 3 2 12223
100 33 788 7 5 4 2 15330
100 33 789 1 5 3 1 14533
100 33 790 4 5 4 1 11314
100 33 791 6 3 2 2 16772
100 33 792 3 4 4 2 12829
100 33 793 7 2 3 1 16006
100 33 794 5 5 2 1 17372
100 33 795 5 5 2 2 16197
100 33 796 3 3 1 1 16008
100 33 797 7 5 4 1 18239
100 33 798 2 5 2 2 11060
100 33 799 3 5 1 2 17448
100 34 800 4 2 4 2 17480
100 34 801 1 3 2 2 14550
100 34 802 2 5 1 2 18428
100 34 803 5 5 1 2 12642
100 34 804 1 5 3 1 14872
100 34 805 6 3 4 1 19525
100 34 806 4 3 3 2 10793
100 34 807 3 5 4 2 16747
100 34 808 1 2 1 2 12877
100 34 809 4 5 1 1 18407
100 34 810 5 4 4 1 13265
100 34 811 7 5 2 1 19187
100 34 812 4 5 3 1 19945
100 34 813 3 3 2 1 19348
100 34 814 1 5 2 2 14245
100 34 815 6 4 4 1 15283
100 34 816 7 2 3 1 11443
100 34 817 4 2 2 1 12159
100 34 818 7 3 4 1 16785
100 34 819 5 4 1 1 13334
100 34 820 4 3 1 1 11415
100 34 821 7 5 2 2 14173
100 34 822 2 4 1 1 19121
100 34 823 1 4 2 1 11993
100 34 824 5 3 3 1 15849
100 34 825 4 4 2 2 11609
100 34 826 4 2 2 1 18503
100 34 827 3 2 3 1 11600
100 34 828 1 2 4 2 17007
100 34 829 6 5 4 2 16133
100 34 830 6 5 4 1 14089
100 34 831 1 2 3 2 17979
100 34 832 5 2 3 1 13663
100 34 833 2 3 3 1 16099
100 35 834 3 4 2 1 10735
100 35 835 2 3 4 1 17432
100 35 836 1 5 1 1 18695
100 35 837 7 4 4 2 10900
100 35 838 1 3 3 1 16029
100 35 839 2 3 4 2 11898
100 35 840 5 5 2 2 18251
100 35 841 5 3 2 1 13632
100 35 842 7 4 3 2 17053
100 35 843 4 4 2 2 14698
100 35 844 6 4 4 1 13939
100 35 845 7 4 4 1 11574
100 35 846 2 2 4 2 19057
100 35 847 3 4 4 2 11997
100 35 848 3 4 2 2 18854
100 35 849 7 3 2 2 17990
100 35 850 6 2 2 2 13127
100 35 851 4 5 4 1 14869
100 35 852 3 3 2 1 13985
100 35 853 4 4 4 1 17517
100 35 854 2 2 2 1 16125
100 35 855 3 2 1 2 16924
100 35 856 2 5 3 2 18604
100 35 857 4 2 3 1 17585
100 35 858 6 3 2 1 13366
100 35 859 5 5 4 2 15934
100 35 860 5 3 2 1 10526
100 35 861 4 5 1 1 18125
100 35 862 4 2 4 2 11773
100 35 863 1 3 3 1 15957
100 35 864 1 3 3 1 19407
100 35 865 3 4 4 2 15854
100 35 866 2 4 3 2 15497
100 35 867 2 4 1 2 11162
100 35 868 2 4 4 1 10495
100 35 869 4 2 1 2 14319
100 35 870 6 5 2 1 17457
100 35 871 5 3 2 1 13546
100 36 872 3 4 4 2 11541
100 36 873 2 5 2 1 10449
100 36 874 2 3 3 2 12626
100 36 875 3 4 1 1 11127
100 36 876 5 3 1 2 15385
100 36 877 6 5 1 2 17119
100 36 878 7 5 3 2 13118
100 36 879 4 3 4 1 16657
100 36 880 5 3 4 2 16725
100 36 881 5 2 2 1 16288
100 36 882 3 3 2 1 13239
100 36 883 3 5 4 1 16820
100 36 884 4 2 1 2 14233
100 36 885 7 4 4 1 13486
100 36 886 6 2 2 1 15612
100 36 887 6 5 1 1 10275
100 36 888 5 2 2 2 12526
100 36 889 3 2 3 2 16326
100 37 890 7 3 4 2 11458
100 37 891 5 5 3 1 16021
100 37 892 5 3 3 2 15597
100 37 893 1 2 1 1 10320
100 37 894 5 4 2 1 19094
100 37 895 3 2 2 1 18477
100 37 896 4 5 2 1 12544
100 37 897 4 2 2 1 12177
100 37 898 7 3 1 2 19698
100 37 899 2 5 2 1 12288
100 37 900 2 5 4 1 19800
100 37 901 5 2 1 2 19567
100 37 902 5 2 1 1 18878
100 37 903 1 3 3 1 19827
100 37 904 5 5 1 1 12401
100 37 905 5 5 4 2 17540
100 37 906 1 3 4 1 15416
100 37 907 4 2 4 2 12914
100 37 908 6 3 4 1 15266
100 37 909 2 3 2 1 13798
100 37 910 3 4 4 1 11078
100 37 911 1 4 1 2 19400
100 37 912 1 3 3 2 17497
100 37 913 3 2 3 1 18710
100 37 914 1 5 1 1 11962
100 37 915 6 5 1 1 15035
100 37 916 6 3 4 1 14486
100 37 917 1 2 1 2 11655
100 37 918 6 2 2 2 10199
100 37 919 5 4 4 2 16839
100 37 920 1 3 3 2 15494
100 37 921 5 5 2 2 11729
100 37 922 5 3 1 1 19684
100 37 923 1 3 3 2 11149
100 37 924 3 4 3 2 16851
100 37 925 2 2 1 1 19477
100 37 926 6 2 1 2 12062
100 37 927 4 3 2 2 10413
100 37 928 1 5 2 1 11817
100 37 929 7 5 4 1 18323
100 37 930 2 3 2 1 10498
100 37 931 5 5 2 2 17890
100 37 932 4 4 2 2 13436
100 37 933 7 5 2 1 17707
100 37 934 5 2 4 1 10650
100 37 935 4 3 2 2 16652
100 38 936 1 3 4 1 16935
100 38 937 7 5 1 2 11248
100 38 938 1 2 1 2 11031
100 38 939 5 2 1 1 15891
100 38 940 4 3 3 2 16327
100 38 941 6 4 3 1 11779
100 38 942 5 4 3 1 13072
100 38 943 7 4 2 1 12602
100 38 944 3 4 1 1 10057
100 38 945 4 2 2 1 11183
100 38 946 5 2 3 1 16009
100 38 947 4 4 4 1 10593
100 38 948 7 2 1 2 17137
100 38 949 3 3 4 1 18416
100 38 950 3 4 1 2 12455
100 38 951 6 4 2 1 11951
100 38 952 7 3 2 2 11837
100 38 953 7 3 3 1 19192
100 38 954 7 3 4 2 16818
100 38 955 6 3 1 2 14768
100 38 956 1 5 2 1 16217
100 38 957 1 2 1 2 19173
100 38 958 5 2 1 1 12172
100 38 959 5 4 2 2 19947
100 38 960 5 5 1 2 13491
100 38 961 6 2 4 1 10125
100 38 962 6 2 2 2 12465
100 39 963 2 5 2 1 11975
100 39 964 1 5 4 2 19360
100 39 965 3 5 1 2 13227
100 39 966 3 5 2 1 11390
100 39 967 6 4 4 2 16014
100 39 968 6 3 1 2 10464
100 39 969 2 4 1 1 13262
100 39 970 7 5 3 2 16951
100 39 971 3 3 2 2 11122
100 39 972 6 3 1 1 12448
100 39 973 4 5 4 1 13583
100 39 974 1 5 4 1 14723
100 39 975 4 3 3 2 14718
100 39 976 6 2 4 2 16974
100 39 977 6 4 1 2 11139
100 39 978 2 4 3 1 19498
100 39 979 5 3 4 1 15968
100 39 980 7 3 3 1 10178
100 39 981 6 5 1 1 18049
100 39 982 5 2 4 2 17042
100 39 983 2 4 1 2 15957
100 39 984 4 2 3 2 12330
100 39 985 2 5 4 2 12854
100 39 986 6 3 3 2 11814
100 39 987 6 3 3 1 14485
100 39 988 5 2 4 1 13990
100 39 989 7 2 4 2 13638
100 39 990 6 2 3 2 10247
100 39 991 1 2 2 1 18576
100 39 992 5 4 1 2 14741
100 39 993 7 3 1 2 13845
100 39 994 2 2 1 2 16503
100 39 995 3 5 4 2 13784
100 39 996 4 5 3 1 12831
100 39 997 7 4 2 2 12967
100 39 998 3 3 4 1 13507
100 39 999 7 2 3 1 17681
100 39 1000 3 3 4 2 17524
100 39 1001 5 2 4 1 12933
100 39 1002 2 3 1 2 10832
100 39 1003 3 2 3 2 11062
100 39 1004 1 4 1 2 10340
100 39 1005 5 2 4 2 12384
100 39 1006 2 2 1 1 13753
100 39 1007 5 4 1 2 13054
100 39 1008 2 2 3 2 12800
100 39 1009 2 3 1 1 19210
100 39 1010 1 4 1 2 13959
100 39 1011 7 5 2 1 18862
100 39 1012 1 3 2 1 18896
100 40 1013 6 2 4 1 12723
100 40 1014 3 2 3 1 14114
100 40 1015 5 5 3 1 10815
100 40 1016 5 4 2 1 15270
100 40 1017 5 5 3 1 15584
100 40 1018 2 3 2 2 11030
100 40 1019 1 2 4 2 13139
100 40 1020 2 4 2 2 10531
100 40 1021 1 3 4 2 12226
100 40 1022 2 3 3 1 12601
100 40 1023 1 3 3 1 18340
100 40 1024 4 3 1 1 17496
100 40 1025 3 5 2 1 10022
100 40 1026 3 4 1 2 11996
100 40 1027 2 4 3 1 11181
100 40 1028 3 3 3 2 10239
100 40 1029 7 4 4 1 11656
100 40 1030 1 3 1 1 17664
100 40 1031 4 4 2 1 17501
100 40 1032 2 2 1 1 16330
100 40 1033 7 3 2 2 13885
100 40 1034 3 2 4 2 12202
100 40 1035 5 2 2 1 10632
100 40 1036 3 5 1 2 19547
100 40 1037 5 4 4 2 18177
100 41 1038 6 4 1 2 10601
100 41 1039 7 3 3 2 17152
100 41 1040 6 4 1 2 14070
100 41 1041 3 3 1 2 15837
100 41 1042 7 2 2 1 15559
100 41 1043 7 3 1 2 18372
100 41 1044 6 5 1 2 19716
100 41 1045 4 5 4 2 14189
100 41 1046 4 4 1 1 17613
100 41 1047 4 3 3 1 19031
100 41 1048 2 2 3 2 17097
100 41 1049 3 4 1 1 18992
100 41 1050 3 2 2 2 19932
100 41 1051 1 2 4 2 14963
100 41 1052 4 2 2 1 11799
100 41 1053 2 3 3 1 11105
100 41 1054 2 4 4 2 16569
100 41 1055 1 3 4 1 11823
100 41 1056 2 4 1 2 11827
100 41 1057 7 5 4 1 10693
100 42 1058 5 3 1 2 17432
100 42 1059 5 3 3 2 14494
100 43 1060 6 3 1 2 12504
100 43 1061 1 3 1 2 10837
100 43 1062 2 2 2 1 15548
100 43 1063 5 2 2 1 14634
100 44 1064 5 5 4 1 12619
100 44 1065 5 3 2 1 11246
100 44 1066 5 4 3 2 15229
100 44 1067 4 4 1 1 16144
100 44 1068 2 2 4 2 19679
100 45 1069 7 5 1 2 11607
100 45 1070 2 4 2 1 19499
100 45 1071 1 5 1 2 15405
100 45 1072 5 2 4 2 15465
100 45 1073 4 4 3 2 19123
100 45 1074 3 5 2 2 17873
100 45 1075 7 4 1 2 17753
100 45 1076 5 2 2 2 11893
100 45 1077 6 5 3 1 12087
100 45 1078 3 2 2 1 14205
100 45 1079 3 5 2 2 10883
100 45 1080 2 3 2 2 19002
100 45 1081 6 3 2 1 18957
100 45 1082 7 5 3 1 11391
100 45 1083 2 4 4 1 13885
100 45 1084 6 5 1 1 19355
100 45 1085 6 3 2 2 17097
100 45 1086 3 3 3 2 13279
100 45 1087 1 2 2 1 10456
100 45 1088 7 2 1 1 10863
100 45 1089 2 5 3 1 11100
100 45 1090 3 5 3 2 18707
100 45 1091 2 5 1 1 18211
100 45 1092 1 2 3 2 18915
100 45 1093 1 4 3 2 15479
100 45 1094 7 4 2 2 19873
100 45 1095 2 2 1 1 13247
100 45 1096 4 2 1 2 10270
100 45 1097 6 2 2 2 16113
100 45 1098 6 3 3 1 19793
100 45 1099 6 3 4 2 16374
100 45 1100 6 3 2 1 15941
100 45 1101 6 3 1 2 18444
100 45 1102 4 4 4 2 12935
100 45 1103 6 2 4 1 13981
100 45 1104 1 2 3 2 11952
100 45 1105 3 2 1 2 16980
100 45 1106 6 3 4 2 19119
100 45 1107 4 5 2 2 15495
100 46 1108 4 5 4 1 19212
100 46 1109 3 4 3 1 11177
100 46 1110 2 2 4 2 15417
100 46 1111 6 3 3 1 12731
100 46 1112 6 4 3 2 11393
100 46 1113 7 5 2 2 17328
100 46 1114 5 5 4 2 13990
100 46 1115 7 3 3 1 15225
100 46 1116 6 3 4 2 12055
100 46 1117 2 4 1 2 14916
100 46 1118 1 2 3 2 12115
100 46 1119 5 3 3 1 10680
100 46 1120 5 2 1 2 13108
100 46 1121 7 3 2 1 13522
100 46 1122 4 4 4 1 13590
100 46 1123 7 3 4 1 16515
100 46 1124 3 3 3 2 11592
100 46 1125 6 3 3 2 10132
100 46 1126 6 5 2 1 17142
100 46 1127 5 2 2 2 19125
100 46 1128 2 4 4 1 17916
100 46 1129 7 4 4 2 11085
100 46 1130 7 5 4 2 19343
100 46 1131 2 4 1 2 11490
100 46 1132 4 5 3 2 19144
100 46 1133 7 4 4 1 11271
100 47 1134 5 4 4 2 19957
100 47 1135 1 5 2 1 15128
100 47 1136 6 3 2 1 19412
100 47 1137 7 5 4 1 13289
100 47 1138 5 2 1 2 12152
100 47 1139 3 2 1 2 11476
100 47 1140 2 2 3 2 12128
100 47 1141 7 5 1 2 11340
100 47 1142 5 2 4 2 19961
100 47 1143 5 2 2 2 18713
100 47 1144 2 3 2 1 15592
100 48 1145 4 5 4 1 14687
100 48 1146 6 4 2 1 17115
100 48 1147 7 4 1 1 12302
100 48 1148 7 2 1 2 14354
100 48 1149 3 5 4 1 18857
100 48 1150 7 3 1 1 13485
100 48 1151 5 2 1 1 15015
100 48 1152 7 3 1 2 11817
100 48 1153 6 2 3 2 13439
100 48 1154 2 5 3 2 10023
100 48 1155 5 4 1 2 10519
100 48 1156 5 2 3 2 18254
100 48 1157 5 4 1 1 14470
100 48 1158 1 5 2 1 12114
100 48 1159 1 2 1 1 10292
100 48 1160 2 4 2 1 10637
100 48 1161 5 5 1 1 17499
100 48 1162 1 2 1 1 13037
100 48 1163 2 2 2 2 16891
100 48 1164 3 3 3 2 10158
100 49 1165 1 2 4 1 11632
100 49 1166 4 2 2 2 17869
100 49 1167 5 3 2 2 18869
100 49 1168 5 2 1 1 12940
100 49 1169 5 5 4 2 17897
100 49 1170 4 3 1 2 17236
100 49 1171 1 2 1 1 12505
100 49 1172 2 5 4 2 12858
100 49 1173 1 4 1 1 19272
100 50 1174 2 4 1 1 15876
100 50 1175 1 2 4 2 11812
100 50 1176 1 2 3 2 17668
100 50 1177 5 5 2 2 13124
100 50 1178 6 2 4 2 18629
100 50 1179 2 2 3 2 14294
100 50 1180 2 2 2 1 11844
100 50 1181 1 5 2 2 18337
100 50 1182 1 4 1 1 18821
100 50 1183 3 4 4 1 16525
100 50 1184 4 5 1 2 16695
100 50 1185 6 5 4 2 10604
100 50 1186 4 4 4 1 16127
100 50 1187 5 5 2 2 12727
100 50 1188 4 4 1 2 13918
100 50 1189 3 2 1 2 13285
100 50 1190 1 3 1 2 10575
100 50 1191 3 3 3 2 16388
100 50 1192 3 4 1 2 12728
100 50 1193 2 5 4 1 18193
100 50 1194 2 4 2 1 19141
100 50 1195 6 3 3 1 16603
100 50 1196 3 2 2 2 15455
100 50 1197 6 4 3 1 19584
100 50 1198 5 4 1 2 19463
100 50 1199 1 3 1 2 11309
100 50 1200 4 5 4 2 19617
100 50 1201 5 3 1 2 14924
100 50 1202 5 2 3 2 12043
100 50 1203 1 2 2 1 17854
100 50 1204 5 3 1 1 14754
100 50 1205 7 5 2 1 17859
100 50 1206 7 5 4 2 19460
100 50 1207 6 2 3 2 12787
100 50 1208 7 5 3 2 12912
100 50 1209 2 4 2 2 16231
100 50 1210 2 5 3 2 15500
100 50 1211 1 2 3 2 15607
100 50 1212 7 5 2 2 11878
100 50 1213 6 2 1 1 10659
300 40 379382
200 145 148 1 5 2 1 928
300 35 632357
200 312 317 1 2 1 2 938
200 216 220 2 2 1 2 20
200 215 217 5 5 4 1 586
200 113 116 1 3 2 2 704
200 136 139 2 2 1 1 464
200 198 199 4 5 2 2 153
300 2 30284
200 63 68 4 4 4 2 269
200 272 273 4 4 2 1 184
200 352 354 4 4 1 2 400
200 234 237 4 5 3 2 582
300 28 19763
200 64 68 3 2 1 2 1139
300 43 58873
200 233 237 1 3 4 2 671
200 10 12 7 3 4 1 521
200 75 79 5 4 1 2 1155
300 27 11542
300 31 74046
200 179 183 5 3 1 2 1201
300 18 406507
300 44 82405
200 184 185 1 4 4 1 449
200 68 71 1 3 3 2 81
300 26 792481
300 2 33312
300 11 371332
300 28 21739
300 2 36642
300 3 389652
200 150 154 4 4 3 2 579
300 45 663291
300 39 784768
200 32 36 7 5 1 2 937
300 45 729604
200 336 341 7 3 2 2 952
300 18 447147
300 1 334530
300 41 337625
300 38 421167
200 98 102 6 5 2 2 628
300 16 409660
300 24 53793
200 98 103 7 2 1 1 50
300 50 672971
300 32 481020
300 18 491851
300 6 309278
200 77 80 7 3 3 1 980
200 100 102 7 4 4 1 392
200 305 306 2 4 2 2 336
300 17 538516
300 15 175712
200 159 164 4 3 1 1 647
200 216 217 6 5 2 2 628
300 16 450615
200 333 336 2 3 2 1 930
300 5 531333
200 244 245 2 2 2 1 1180
200 51 53 3 5 4 2 566
200 282 286 7 3 3 2 1039
300 33 282974
200 201 205 7 4 3 1 532
200 177 182 6 5 3 1 765
300 5 584451
200 346 349 5 3 4 2 68
200 26 30 4 2 4 2 706
200 18 21 3 4 3 1 311
300 36 278897
200 23 26 2 5 4 2 390
300 15 193279
200 278 283 3 2 1 2 1139
200 135 136 6 5 4 2 412
300 28 23912
300 37 763129
200 298 300 6 4 3 2 1112
200 118 119 2 3 1 2 1002
300 44 90644
200 87 90 6 5 1 2 54
200 236 238 2 5 2 2 798
300 23 275295
200 99 100 7 3 3 2 1039
300 30 589785
300 9 552233
200 59 61 5 2 3 2 589
300 9 607438
300 14 413837
200 235 236 1 5 1 2 673
200 310 315 5 5 4 2 368
200 59 62 7 4 1 2 619
200 246 250 1 4 3 2 237
200 312 314 1 3 3 1 530
300 9 668164
300 13 567049
200 77 81 4 3 2 1 699
300 21 180242
300 37 839420
200 329 334 3 2 3 2 1003
300 2 40305
200 59 60 3 2 3 2 1003
300 14 455209
200 102 103 5 3 2 1 860
300 45 802546
200 100 104 1 3 2 2 704
200 260 263 7 5 4 1 77
200 228 230 7 4 3 2 352
300 49 155181
200 80 81 7 3 2 2 952
200 108 110 6 5 1 2 54
200 28 29 5 4 1 1 33
200 342 344 6 4 4 2 967
200 170 174 1 3 1 2 608
300 12 791149
300 35 695574
200 317 319 6 3 1 2 663
300 45 882784
200 126 130 1 3 1 1 575
300 3 428604
200 224 225 5 2 1 1 958
300 28 26303
300 49 170694
200 171 176 5 5 2 2 245
200 222 227 5 2 4 2 1005
200 270 275 4 5 3 1 92
300 37 923340
300 50 740249
300 42 35118
200 63 67 5 2 1 2 558
200 303 306 1 5 3 1 143
300 31 81448
200 19 23 1 3 4 2 671
200 110 115 1 4 2 2 193
300 37 1015655
200 46 50 6 5 1 1 887
200 227 230 3 5 2 2 331
200 337 340 7 5 3 1 188
300 42 38629
200 264 265 1 2 4 2 110
200 65 67 7 3 1 2 1152
200 354 356 7 2 2 1 1042
300 4 806159
300 4 886753
300 17 592353
200 321 326 5 4 4 1 810
200 127 129 7 3 4 2 605
200 30 32 2 2 1 2 994
200 110 112 7 5 3 2 878
200 139 142 7 3 4 2 605
200 271 274 1 3 3 2 81
300 5 642881
200 128 131 2 2 4 2 668
200 191 194 5 4 2 1 509
300 13 623739
200 176 180 4 3 2 2 560
200 76 80 3 4 3 2 448
300 25 202607
200 33 34 6 2 1 2 533
200 64 68 5 5 3 1 1015
200 54 58 7 3 2 2 952
300 40 417311
300 12 870245
300 11 408455
300 25 222862
200 324 328 5 3 1 1 83
300 39 863221
200 293 297 6 4 1 2 595
300 19 341790
200 111 114 3 2 1 1 634
300 17 651575
200 228 233 7 5 3 2 878
200 39 40 6 4 1 1 537
300 36 306778
200 257 260 4 4 3 2 579
200 318 319 2 4 1 2 1131
300 14 500718
200 75 78 4 3 2 2 560
200 69 73 4 5 2 1 180
200 254 256 3 2 4 2 781
200 46 49 1 3 4 1 134
300 2 44334
200 1 3 7 2 2 2 485
300 45 971046
300 33 311263
200 340 342 3 5 2 1 1025
300 22 493147
300 37 1117197
200 357 360 4 3 4 1 458
300 3 471452
300 38 463273
200 318 323 1 5 4 1 974
200 2 4 7 3 2 1 138
200 219 221 2 3 1 2 1002
200 115 118 7 3 4 1 521
200 241 245 4 2 2 2 527
200 27 32 7 5 3 1 188
200 282 285 5 5 4 1 586
300 29 147547
400