1 100
500
1 50
1344677 62
8067028 77
2351119 4
1653574 15
365688105 70
4555944 21
5160947 40
133031034 3
9276525 38
5834940 29
9283735 56
8148974 95
3680241 90
1532432 37
603683195 4
604706 55
483125 38
2271652 5
3792799 32
2561302 79
4633273 2
6904184 41
109458819 88
7307338 71
1643773 38
956684 5
9526311 40
5709886 43
1790337 26
6189664 73
8624395 24
7530226 63
9925829 6
7425396 9
6103087 88
1659494 55
8960329 22
4092872 61
2808851 72
818586 31
48208525 74
2712284 73
400225975 28
222655630 31
7104017 22
87088 25
5547035 88
7621826 3
5547733 34
3556932 65
2 3042614 99 4092872 160
2 5628568 69 2808851 141
2 6477546 99 87088 124
2 4109100 49 7621826 52
2 4877022 7 5547035 95
2 353024 81 7425396 90
2 2956306 47 7621826 99
2 4100244 53 5547035 148
2 4909446 67 1659494 122
2 2418408 61 3792799 93
2 2425658 91 818586 122
2 18841212 1 3556932 66
2 5908782 47 2956306 94
2 7830480 1 6477546 100
2 9542242 95 3680241 185
2 392973796 61 18841212 62
2 1740374 67 5547035 215
2 8947384 57 4877022 64
2 1759370 31 7830480 32
2 291015756 61 4100244 114
2 4204926 59 1740374 126
2 4352544 69 291015756 130
2 1882802 79 818586 201
2 389339572 85 4109100 134
2 1441958 67 222655630 98
2 650488328 57 7621826 288
2 7223770 51 2712284 124
2 19781148 21 3042614 120
2 2734286 39 4352544 108
2 2272496 93 9925829 99
2 7734786 23 4877022 87
2 7264004 93 4109100 227
2 105974 7 2734286 46
2 7730136 85 2425658 176
2 8357162 3 389339572 88
2 6537068 49 222655630 147
2 3739550 79 87088 235
2 1804608 25 7734786 48
2 5253202 99 650488328 156
2 7895252 77 7264004 170
2 9153990 95 291015756 271
4 4368 514
2 4645502 43 48208525 117
2 5375392 37 7895252 114
2 8776754 43 4633273 45
4 4300 437
2 984682 19 7264004 226
2 2968748 69 1643773 107
4 3905 232
2 9189540 65 353024 146
2 30998 19 9189540 84
2 5124728 57 105974 64
2 898108234 51 4877022 163
2 8971916 73 6537068 122
4 4725 536
2 1379844 41 650488328 197
2 6179958 75 5160947 115
2 664016472 57 1740374 183
4 4264 274
2 3773392 5 8776754 48
2 9806306 11 2272496 104
2 9299684 1 9806306 12
2 1137238 91 4100244 472
2 1491640 81 8971916 154
2 6722698 7 1804608 32
2 8347724 25 2712284 149
2 2096126 83 8776754 131
2 8481952 1 7264004 227
2 947890 7 5375392 44
2 766149300 41 19781148 62
2 429350 55 6722698 62
2 4795400 93 7730136 178
2 4728410 27 9189540 111
2 462640412 9 2418408 70
2 8653646 99 5908782 146
2 2973936 53 389339572 141
2 6967554 19 5375392 63
2 7441924 81 7730136 259
2 8493430 51 365688105 121
2 5264088 85 1804608 172
2 671018 79 1882802 158
3 650488328 197
2 2276487 52 947890 59
2 5340769 34 7895252 226
2 6943723 16 7223770 67
2 2839461 94 462640412 103
2 2769295 20 5264088 105
2 9652905 62 947890 121
2 2226803 44 5124728 101
2 341282123 12 766149300 53
2 5897763 92 947890 213
2 1054877 2 4204926 61
2 2934727 88 603683195 92
2 7342369 34 105974 142
4 5311 442
2 8729657 34 8971916 188
2 5899523 32 7830480 64
2 3618557 14 462640412 117
2 9413927 84 6967554 103
2 6819585 70 4728410 97
2 4465291 52 8776754 183
2 2202053 42 6179958 117
2 3481263 56 9189540 237
2 7521609 18 7734786 233
2 2033043 60 7441924 141
2 525147149 38 5375392 391
2 1647159 8 7441924 149
2 540177 50 19781148 124
2 8415515 88 4465291 140
2 2531797 62 2276487 114
2 9610687 76 6943723 92
2 406361 74 4645502 117
2 6509987 24 4645502 141
2 9669627 48 525147149 86
3 8971916 188
2 1774244 53 671018 132
2 4019734 35 6537068 84
2 5058808 61 5899523 93
2 5552074 51 4204926 112
2 5317004 93 1647159 101
2 9840318 39 525147149 125
2 8711392 1 8481952 2
2 993380466 43 9652905 105
2 8215540 1 8711392 2
2 5619046 83 2096126 166
2 6658120 5 5552074 56
3 2096126 166
2 9058189 6 540177 56
2 9708983 28 2934727 116
2 6908049 14 3773392 19
3 898108234 51
2 936175810 67 9840318 106
2 8981316 53 5908782 199
2 1043766 83 6722698 145
3 898108234 -1
2 856129699 32 2351119 36
2 39471133 98 1647159 199
2 2843847 84 2531797 146
2 135123489 86 7521609 104
2 1364011 96 7621826 1495
2 6402533 18 6819585 88
2 438479 44 2843847 128
2 1382249 74 8653646 173
2 50750899 8 1382249 82
2 1468845 86 984682 105
2 7514967 44 5899523 137
2 811057 66 406361 140
2 518450875 56 9610687 132
2 4117365 90 5552074 146
2 1474399 44 1054877 46
2 8543225 30 8493430 81
2 7982019 28 9610687 160
4 7991 1198
2 365515291 92 291015756 498
2 7169749 26 39471133 124
2 2983103 12 2839461 106
2 4903641 98 6402533 116
3 2531797 190
2 9258474 55 6402533 171
3 664016472 57
2 6788295 80 8481952 83
2 8604193 14 5628568 83
2 4609195 12 2202053 54
2 8053989 54 4728410 322
2 4472783 76 4795400 169
2 5312873 94 6819585 335
2 1824435 52 9413927 136
2 2131373 74 993380466 117
2 8503767 8 1824435 60
2 5312945 38 8947384 95
2 7324347 40 6967554 203
2 5315091 88 525147149 280
2 9200141 10 365515291 102
2 8439479 60 7342369 94
2 1598097 14 7342369 108
4 7721 879
3 993380466 117
2 392616 73 8653646 254
2 9637114 15 5908782 369
2 2540476 89 9283735 145
2 1840366 43 6967554 246
2 4279952 41 9413927 185
2 7672712 1 1382249 83
2 4579290 43 8493430 124
2 1312924 93 5552074 239
2 125390 15 8503767 23
2 741744 69 4279952 110
2 1355778 39 365688105 233
2 8120836 49 6402533 220
2 68982 23 7982019 51
2 225368 53 766149300 106
4 9859 1798
3 5312873 94
3 8981316 53
2 1120354 79 6509987 103
2 1078756 81 1043766 164
2 747222 95 4117365 185
2 5577656 93 8215540 94
2 5018250 15 1647159 240
2 7795532 49 9200141 59
2 417513412 89 2983103 101
2 4777910 67 8415515 155
2 1380888 69 2983103 170
2 7149674 7 5897763 99
4 10557 2046
2 2179976 21 7169749 47
2 4577114 91 365515291 242
2 8583836 93 5340769 127
2 6208590 47 222655630 229
2 111216 13 2769295 33
2 8078850 87 2033043 147
2 8088196 33 5908782 350
2 9191798 59 7441924 548
2 6896302 39 3618557 53
2 3008976 45 2540476 134
2 6751202 39 1120354 118
2 1561956 25 6103087 113
2 9337686 67 5315091 155
2 877838 63 9652905 125
2 2817968 17 8088196 50
2 5210434 79 135123489 165
2 2147012 45 1312924 138
2 4812342 91 1804608 460
2 1818008 17 8583836 110
2 8775952 73 1382249 156
2 7785864 97 9669627 145
2 276747738 91 8711392 186
2 8489106 15 6509987 157
2 8563658 75 2983103 245
2 418439564 61 7149674 68
2 6326206 87 1818008 104
2 4366710 23 365515291 265
2 2544046 51 1043766 215
2 8642000 33 5577656 126
2 6925666 87 2179976 108
3 1043766 215
2 5671007 44 9200141 103
2 4090489 50 5018250 65
2 4359491 84 4019734 119
2 9226301 62 6788295 142
2 3356775 76 7169749 210
2 6542529 62 5312945 100
4 10032 1363
2 9088217 34 8053989 88
4 10059 1359
2 3753585 78 406361 218
2 8773883 56 3618557 109
3 9337686 67
2 4967332 97 50750899 105
2 8901142 87 7672712 88
2 535351956 17 135123489 182
2 5628934 67 4777910 134
2 13373160 97 1312924 235
2 838616634 87 39471133 395
2 5330290 47 2147012 92
3 5018250 65
2 376680751 56 135123489 238
2 4136905 74 1824435 149
2 2631393 78 6751202 117
2 2102009 98 4472783 174
2 324982161 34 406361 252
2 479842473 46 8947384 203
2 697715 72 1468845 158
2 6424941 86 5058808 147
2 959171095 48 7672712 136
2 6317041 30 4472783 204
2 5874299 72 8604193 86
2 9158709 46 7521609 302
3 9610687 183
2 4178966 39 1774244 92
2 5582584 81 9191798 140
2 2516682 7 4136905 81
2 1207692 21 6542529 83
3 747222 95
3 7795532 49
2 8693984 93 1312924 375
2 1912664 41 6208590 88
4 12798 2429
2 2956112 89 1207692 110
2 5527650 51 8415515 273
3 8642000 33
2 5183711 32 8563658 107
2 6593273 6 7104017 28
2 9783235 76 8078850 163
2 56981053 46 9413927 396
2 5481191 32 276747738 123
4 12661 2278
2 6672319 20 959171095 68
2 1904601 34 376680751 90
2 9182193 30 6908049 44
2 8691579 88 9806306 100
2 874381109 38 1380888 107
2 2584735 100 276747738 223
2 656476089 94 1364011 190
2 426007683 48 1207692 158
2 5854461 42 6788295 184
2 1104039 32 6424941 118
2 9374977 26 6751202 143
2 3970699 12 479842473 58
2 281746885 82 9226301 144
2 2577455 84 7324347 124
2 8317447 24 959171095 92
2 1235809 38 9191798 178
2 4468075 48 1840366 91
2 2579621 94 56981053 140
2 9659837 78 6326206 165
2 581991 52 7425396 687
2 52543 88 9637114 103
2 1759767 40 8693984 133
2 8870767 68 4812342 159
2 1077897 34 2418408 622
2 7052627 64 8489106 79
2 673886797 98 697715 170
2 272613 82 877838 145
2 810513487 12 877838 157
2 632809 34 426007683 82
2 5116723 92 4178966 131
2 9717037 78 479842473 136
2 5206103 24 811057 90
2 6719025 18 874381109 56
2 725637819 96 6672319 116
2 250450195 68 9374977 94
2 3252493 6 8317447 30
2 9237413 34 1824435 190
2 2723983 68 1380888 193
3 1912664 41
3 1077897 34
2 349714035 20 250450195 88
2 3928173 86 6208590 133
2 108739223 100 2839461 595
2 8536177 74 125390 89
2 5486203 92 4812342 251
3 1912664 -1
2 3612580 73 2276487 125
2 133497878 23 8317447 53
2 3446392 41 50750899 146
2 1395184 5 8693984 138
2 2066946 75 4117365 165
2 435076 9 6509987 422
3 108739223 100
2 4961561 74 9783235 150
2 7065443 76 1364011 266
2 8041693 38 7169749 248
2 538119 52 7672712 357
2 7940193 26 1395184 31
2 3062137 90 8960329 112
2 8612675 68 7065443 144
2 7840317 14 4579290 57
2 9999975 48 725637819 144
2 1867457 30 8503767 127
2 7648459 12 8563658 119
2 9887493 26 9153990 121
2 28655 72 7052627 136
2 6743177 22 7840317 36
2 4744019 48 3008976 93
2 4866765 54 349714035 74
2 4911991 68 741744 137
2 635585105 2 9191798 180
2 819987035 60 1561956 85
3 2934727 116
2 3924996 13 8120836 62
2 3069558 47 8120836 109
2 6722264 13 3612580 86
3 1104039 32
2 3512797 46 1840366 137
2 6755975 36 1207692 228
2 703157217 46 4903641 144
2 3533163 40 4136905 121
2 8390309 90 635585105 92
2 3114639 76 9840318 182
2 3700905 66 635585105 158
2 4016755 28 250450195 170
2 8664557 90 281746885 172
2 2691223 16 4577114 107
2 9638257 54 276747738 277
4 15840 3200
2 1797831 8 2691223 24
2 861921441 70 9999975 118
2 1540395 52 3970699 64
2 9501285 86 13373160 183
2 7669583 36 9374977 232
2 9194023 96 656476089 190
2 4929153 86 4117365 251
3 3928173 86
2 5556978 31 1395184 62
2 4429172 69 2147012 161
2 1191778 47 5556978 78
3 3252493 6
2 1219423 44 1355778 83
4 16681 3668
2 8470181 30 5315091 118
2 4241679 32 656476089 222
2 2235817 10 6672319 244
2 865210099 28 6208590 75
2 1581805 2 5330290 49
3 3753585 78
2 57506926 95 5116723 187
2 6429200 41 2691223 65
2 5740962 7 133497878 30
2 2456868 69 9659837 147
4 18195 5094
2 9175186 39 673886797 137
2 8488468 73 8693984 315
2 4811142 91 4429172 160
2 324200 81 52543 169
2 7721530 43 5628934 110
2 5566460 61 1364011 523
2 5737774 91 1581805 93
2 1782096 89 4909446 156
2 1177314 23 324200 104
2 3104228 41 1818008 292
2 4602204 5 6755975 41
2 601473294 71 2691223 136
4 19274 5710
2 184040134 59 6537068 227
2 5464318 87 3773392 136
2 2559648 81 7840317 117
2 6367794 11 1355778 94
3 2033043 297
2 9514863 4 5317004 97
2 5177481 70 4811142 161
2 6586579 28 4777910 205
2 864077 2 5206103 26
2 443895 68 5527650 119
2 6042961 2 635585105 160
2 1770203 76 3924996 89
2 730133 82 1120354 510
2 2149631 44 9840318 226
2 1994649 82 865210099 110
2 4404451 84 52543 276
2 2650299 36 9258474 91
2 8770421 86 272613 168
2 1565023 24 1235809 62
2 5181817 50 1818008 342
2 952259 44 1235809 106
2 1548861 30 225368 83
2 8015591 48 7895252 2784
2 3205055 48 5116723 235
2 4314201 18 535351956 35
4 18732 4613
2 7641711 44 865210099 154
2 4121865 50 4967332 147
4 19628 5465
2 3207969 22 1191778 69
2 2497579 60 2147012 475
2 5160677 50 5740962 57
3 9717037 78
4 19884 5717
2 8370444 25 5464318 112
2 1665470 3 3970699 67
3 6317041 30
2 4087691 52 5854461 94
2 1844421 86 57506926 181
2 7252143 4 1120354 514
2 7613001 70 2712284 235
2 3987347 96 7785864 193
2 5389689 66 426007683 148
2 8624963 100 7648459 112
2 4034749 22 6719025 40
2 5347047 44 5566460 105
4 18953 4440
2 5840959 32 3792799 872
2 8588377 62 5058808 209
2 7070883 96 7613001 166
2 5647389 66 2579621 160
2 415763253 54 133497878 134
2 3406623 92 349714035 166
2 7637049 6 5709886 49
2 8716497 74 538119 126
2 1211355 44 7641711 88
3 6925666 87
2 1692548 61 3612580 147
2 4887798 3 604706 58
2 3589720 17 1770203 93
2 1817386 31 5566460 136
2 196334060 49 4887798 52
2 9089182 35 8088196 85
2 959111872 57 2650299 93
2 8499410 71 8716497 145
4 18136 3681
3 2631393 78
2 206013 98 133497878 232
2 2258663 92 1665470 95
2 895421377 26 1395184 157
2 8377931 60 2102009 158
2 6889093 90 7307338 161
2 7225967 48 4877022 1549
2 6448009 30 3512797 76
2 77985 6 7641711 94
2 5945259 68 1177314 91
2 9429349 38 7223770 105
2 3647311 80 1867457 110
2 3504361 46 389339572 187
2 9037491 72 535351956 107
2 8695085 54 4404451 138
2 2690135 68 671018 560
2 6723889 10 479842473 215
2 4081083 96 30998 115
2 1456225 50 426007683 198