1 100
101
0 12 7
1 1 1 1 1 1 1 1 1 1 1 1 
1 1 0 0 0 1 0 0 0 1 0 1 
1 1 0 0 1 1 0 0 1 0 0 1 
1 1 0 0 1 0 0 1 0 1 0 1 
1 0 1 0 0 0 0 1 0 0 0 1 
1 1 0 1 0 0 0 0 0 0 1 1 
1 1 0 0 0 0 1 0 0 1 0 1 
1 0 0 0 1 1 0 0 0 1 0 1 
1 0 0 1 0 0 1 0 0 1 0 1 
1 0 0 0 0 1 0 1 0 0 0 1 
1 0 0 0 0 1 1 0 0 0 1 1 
1 1 1 1 1 1 1 1 1 1 1 1 
1 1 6 2
1 2 1 10
1 3 3 5
1 4 9 6
1 5 5 6
1 6 6 10
1 7 1 6
1 8 10 4
1 9 8 5
1 10 3 6
1 11 7 7
1 12 5 8
1 13 9 2
1 14 4 4
1 15 2 6
1 16 4 8
1 17 8 4
1 18 4 10
3 6 4 -1
3 8 10 13
3 14 13 7
2 2
3 16 7 7
2 12
3 3 9 13
2 7
3 15 1 8
3 9 6 -1
3 1 17 6
3 11 3 6
3 18 6 -1
2 17
3 8 14 10
2 10
1 19 6 4
3 9 6 -1
3 19 15 6
3 4 6 -1
3 11 18 6
2 13
3 19 4 -1
2 16
3 1 11 8
3 19 9 9
3 18 14 8
2 5
3 15 8 14
2 18
3 4 3 -1
3 9 15 15
3 11 8 14
3 1 3 6
1 20 10 7
2 19
3 20 11 5
3 20 11 5
3 20 3 11
3 6 14 18
3 20 14 11
3 14 9 11
3 15 11 6
2 6
3 15 3 2
2 11
3 3 14 2
3 15 20 -1
3 3 14 2
3 20 14 -1
3 1 4 -1
3 1 9 7
1 21 2 2
3 8 21 14
1 22 10 2
3 4 1 -1
3 3 14 2
2 14
3 21 3 6
2 15
3 22 4 -1
3 8 9 3
3 3 20 -1
2 9
3 21 3 6
3 20 1 -1
3 3 8 12
2 20
3 4 1 -1
2 4
1 23 9 4
3 22 8 2
1 24 5 2
2 3
3 21 24 -1
2 1
3 23 24 6
2 23
3 21 22 -1
2 21
1 25 8 1
2 25