1 100
700
0 40
1 20 12 2
1 6 7 2
1 24 36 2
1 15 15 1
1 32 27 2
1 26 20 3
1 10 3 3
1 11 38 2
1 12 2 1
1 17 13 3
1 19 37 2
1 38 31 1
1 8 9 3
1 28 10 1
1 23 30 1
1 24 32 3
1 21 15 1
3 28 28 3 3 0
1 3 28 1
1 16 2 1
3 4 29 1 5 1
1 32 14 2
3 37 37 2 1 0
4 14 33 0 8
1 15 10 3
1 19 14 1
1 24 29 3
1 17 26 2
1 6 10 2
1 27 7 1
1 30 22 1
3 29 6 0 1 0
2 35 33
4 10 1 3 2
1 22 20 2
1 40 23 1
3 33 3 1 4 0
1 35 9 3
1 7 31 2
3 13 23 3 3 0
1 14 9 1
4 16 34 1 11
1 5 16 3
4 37 30 3 14
1 39 40 2
1 37 36 2
3 21 15 0 3 3
3 11 22 0 5 0
4 22 3 3 12
1 39 32 2
4 40 11 1 12
1 25 34 1
1 17 27 1
1 32 17 1
1 30 18 2
3 28 6 3 4 0
1 9 4 2
3 29 13 3 5 0
1 14 31 1
1 10 34 2
1 33 40 1
1 25 33 2
1 6 3 1
1 13 34 1
1 29 37 2
1 8 35 3
1 1 22 1
1 13 7 1
1 39 3 3
1 23 20 1
1 11 19 2
1 33 36 1
1 27 26 1
3 36 22 1 3 0
4 2 23 3 10
4 10 8 0 3
3 5 7 3 2 0
3 2 29 1 3 1
3 26 12 0 5 3
1 13 10 3
3 1 3 0 1 0
1 25 12 1
1 26 13 2
1 13 12 2
1 2 24 2
1 28 34 2
1 30 2 3
1 36 2 1
1 4 35 2
1 37 37 1
1 7 35 1
1 19 29 2
1 20 7 2
1 29 3 3
1 5 35 3
1 1 1 3
4 25 10 3 10
1 38 32 3
3 33 32 1 4 1
4 20 13 2 1
3 25 9 2 2 0
1 32 12 1
1 9 7 3
3 17 3 3 5 0
1 31 34 1
4 34 33 0 4
1 7 19 2
1 2 13 1
1 9 25 2
1 38 14 3
4 4 33 2 2
1 15 11 1
1 33 3 3
1 11 22 2
1 25 20 2
1 33 28 2
1 13 35 1
1 15 9 1
1 29 4 2
1 5 17 1
1 10 16 2
3 31 32 3 2 0
1 27 38 2
1 19 34 3
1 37 14 2
1 25 18 3
4 36 20 2 7
1 21 17 1
1 29 6 3
3 14 30 0 5 9
1 33 18 3
1 29 32 3
4 24 2 0 6
1 37 26 3
1 38 40 1
1 34 13 2
1 10 21 3
1 9 39 2
1 13 5 1
1 34 14 3
1 14 8 3
1 10 26 3
1 16 39 2
1 22 8 2
1 31 12 3
1 7 6 1
2 40 1
4 19 30 0 1
1 27 10 1
3 2 37 3 5 1
1 11 39 2
1 2 25 1
4 11 24 1 9
1 40 10 2
3 15 34 2 2 0
1 8 8 3
1 34 1 3
1 27 3 1
1 4 36 3
3 32 39 3 3 0
1 40 1 2
1 2 23 3
1 20 23 3
1 33 23 1
1 23 5 3
1 3 26 3
1 34 29 3
1 19 22 3
1 28 23 3
3 18 26 3 5 2
1 15 12 2
1 36 30 3
1 27 20 2
1 6 15 2
2 14 19
4 4 28 1 1
1 34 23 3
3 17 32 0 3 3
1 18 1 1
1 31 40 2
1 14 33 2
1 1 24 2
1 38 18 2
1 4 32 1
1 1 6 2
1 17 39 2
1 34 11 1
1 22 36 2
4 40 21 1 2
3 26 4 3 3 3
1 33 11 1
1 15 3 3
3 12 17 2 3 2
1 5 26 1
1 9 1 3
1 16 23 3
3 11 35 3 2 0
3 9 10 1 2 0
1 11 9 1
1 14 15 2
1 5 9 2
1 10 4 2
1 33 24 2
3 31 36 1 3 2
1 33 31 3
1 28 8 3
1 31 9 1
1 2 29 1
1 38 15 3
1 11 40 1
1 27 16 1
1 14 32 2
1 31 15 3
1 22 35 1
3 8 18 3 3 2
3 34 16 2 5 5
1 17 35 2
1 33 16 2
1 36 13 3
1 16 26 1
1 21 4 3
1 12 39 3
1 28 33 3
1 3 8 2
1 34 31 2
1 4 21 3
1 30 39 3
1 7 36 2
3 15 20 2 4 2
4 23 38 2 3
1 15 6 2
4 29 6 0 0
1 13 39 2
1 4 5 1
4 33 26 0 2
3 26 28 3 4 3
1 22 24 2
1 29 39 2
1 20 17 2
3 18 13 3 2 1
1 39 37 2
1 35 28 3
1 28 29 3
1 14 14 3
1 40 4 1
1 31 18 1
3 39 8 3 3 0
1 8 23 3
1 37 29 2
1 5 37 2
1 1 26 1
1 18 40 3
1 6 38 1
1 3 10 3
1 27 29 3
1 33 13 1
1 7 18 3
3 21 10 0 4 6
1 5 27 2
3 38 27 1 4 2
1 4 14 1
1 10 28 1
1 30 9 1
4 38 16 0 1
3 4 8 1 2 0
1 13 26 2
1 20 34 3
1 6 12 1
1 32 31 2
1 16 33 3
1 26 4 2
1 12 4 3
4 6 24 3 3
3 7 22 0 4 11
3 28 15 2 3 2
1 32 36 2
1 34 2 1
1 18 2 3
1 11 37 2
1 29 26 1
1 20 9 3
2 38 17
1 1 16 3
1 20 40 3
1 30 8 1
1 39 33 1
1 23 39 1
3 5 36 3 3 3
1 23 6 2
1 22 30 1
1 33 37 3
1 25 19 1
1 9 22 3
1 36 22 1
1 31 1 3
3 8 31 3 3 0
1 9 24 3
1 5 5 3
3 37 27 1 3 0
1 19 30 2
1 16 27 2
1 19 13 2
1 34 37 1
1 38 19 3
1 12 24 1
1 12 12 1
1 31 3 3
1 33 39 2
1 27 2 1
1 13 40 2
1 9 29 2
1 26 32 2
1 20 4 2
1 25 6 1
1 16 9 2
1 5 14 3
3 14 12 1 3 6
1 11 14 2
1 29 24 2
1 38 38 2
3 6 9 2 4 4
1 9 12 3
1 26 36 1
1 32 22 1
1 2 7 3
3 29 22 1 3 2
1 9 26 2
1 3 36 2
1 22 7 3
4 23 26 2 3
1 22 10 2
1 7 15 1
1 24 2 2
1 2 14 2
1 8 31 1
1 11 5 1
4 33 16 3 2
1 21 28 1
1 18 35 3
1 35 25 2
3 9 33 3 2 1
4 11 32 0 3
4 20 10 2 2
1 25 38 2
1 15 1 2
2 19 6
1 38 33 1
3 25 18 3 2 2
1 8 21 1
3 35 11 0 5 19
3 19 39 0 4 10
1 6 33 3
2 36 1
1 34 25 2
1 6 13 3
1 25 2 1
1 11 2 3
1 22 31 3
1 21 3 2
1 40 36 2
1 24 35 3
1 40 30 3
4 19 19 2 3
1 33 22 1
1 30 21 2
4 28 26 3 3
1 39 8 3
1 9 33 2
1 8 39 2
1 13 2 3
1 23 26 1
1 31 22 3
1 36 20 3
3 2 17 1 5 6
1 3 1 1
1 13 8 1
1 19 9 3
1 7 29 1
1 16 40 3
1 22 3 3
1 29 18 2
1 20 39 1
1 8 17 1
1 15 23 2
1 36 21 1
1 38 29 2
1 37 17 3
1 13 24 3
1 30 32 1
3 18 11 0 3 11
1 5 39 1
3 5 24 1 2 1
1 3 6 1
1 27 5 1
1 31 24 3
3 20 20 3 5 4
3 19 15 2 5 7
1 1 29 3
1 37 12 1
1 2 21 1
1 33 29 2
1 7 3 3
1 13 16 2
1 6 32 3
3 33 32 2 3 3
1 17 10 3
1 12 16 1
1 30 13 1
4 21 40 0 1
1 27 25 2
1 34 38 2
1 17 33 2
1 13 38 2
1 15 19 3
1 20 25 1
1 16 6 1
1 11 1 2
3 35 21 2 3 2
1 16 21 3
1 18 28 2
3 18 7 0 3 11
1 5 28 1
1 11 15 1
1 25 32 1
4 12 22 2 1
3 13 19 3 3 3
1 8 38 1
1 8 14 2
1 39 25 3
1 20 29 3
1 22 9 2
1 35 16 3
1 33 19 1
1 11 28 3
1 24 23 2
1 5 21 3
1 1 30 2
1 12 30 3
3 30 22 3 4 6
1 28 35 3
3 6 27 3 2 0
3 9 23 1 4 3
1 11 36 1
1 12 34 1
1 28 20 2
1 14 18 1
1 39 28 3
1 6 20 3
1 5 36 3
3 40 27 2 5 4
3 26 17 2 2 0
1 33 8 3
1 7 16 3
4 17 10 0 0
1 15 7 1
3 13 3 0 1 3
1 16 12 2
1 31 25 1
1 24 21 1
1 5 30 1
1 1 40 2
1 21 18 2
1 22 38 2
1 31 8 2
1 27 24 2
1 39 2 2
1 16 11 2
1 13 6 1
1 8 12 2
1 23 13 2
1 23 24 1
2 31 29
1 5 1 2
1 30 4 1
1 35 11 3
1 3 9 1
1 25 31 2
1 5 29 2
1 9 35 1
1 29 15 3
3 11 40 1 3 2
1 20 22 3
3 20 10 3 5 7
1 4 9 1
1 40 15 1
1 25 4 2
2 28 39
1 34 7 3
1 27 33 3
2 18 29
1 14 1 3
1 8 3 1
1 28 6 2
1 3 24 1
1 12 17 3
1 26 22 3
1 17 38 1
1 4 39 3
1 38 23 1
1 26 21 1
1 20 8 1
1 14 37 3
1 17 40 1
1 39 20 2
3 27 15 1 1 1
1 19 11 3
1 31 28 1
1 16 7 1
1 8 30 2
1 1 28 3
4 30 39 1 4
1 17 2 3
1 14 20 3
1 22 14 1
1 2 28 3
1 40 18 3
1 28 3 3
1 22 25 3
3 35 2 2 5 2
3 4 32 0 4 24
1 26 37 2
1 36 27 2
3 39 36 1 4 4
1 25 27 1
3 6 18 0 2 7
3 32 3 1 3 2
1 38 37 2
1 25 14 1
1 20 1 3
1 28 30 1
1 32 38 3
1 35 33 1
4 40 26 2 5
1 22 6 3
1 31 6 1
1 21 14 3
1 4 19 2
1 37 5 1
1 24 26 2
1 33 12 2
1 24 4 1
4 17 12 0 1
1 5 12 2
1 39 10 3
1 13 30 1
1 34 20 1
1 6 2 3
1 27 35 2
1 9 27 1
3 12 36 0 2 9
1 24 1 1
3 24 28 1 5 11
3 13 35 2 3 6
3 26 13 2 3 2
1 32 29 1
4 7 39 0 1
1 14 11 2
1 12 8 2
1 33 6 3
1 5 8 3
1 18 9 3
1 17 14 3
1 11 25 1
3 18 39 0 5 23
1 22 39 1
1 12 33 2
1 12 15 1
1 2 33 2
1 1 13 3
4 34 39 0 1
4 16 24 1 2
1 10 2 1
3 24 26 1 1 2
1 22 22 3
1 24 11 1
1 3 12 3
1 6 14 2
1 32 10 2
1 8 11 3
1 10 27 1
1 34 27 1
1 26 8 2
1 36 34 1
1 1 17 3
4 24 9 3 4
3 26 31 1 5 15
1 36 40 3
1 26 1 3
1 26 18 2
1 40 25 3
1 38 13 1
1 9 3 3
1 29 7 1
1 33 10 3
1 10 33 2
3 23 22 0 2 8
1 18 32 3
2 18 20
1 34 17 2
1 39 4 1
1 40 40 3
1 30 24 3
1 19 35 2
3 25 20 2 5 15
3 4 6 2 3 4
1 35 40 1
2 29 40
3 20 11 2 5 13
1 38 11 1
1 38 39 3
1 2 11 1
1 31 26 1
1 20 15 3
3 27 34 0 3 18
1 10 10 2
1 37 39 2
1 14 38 1
1 2 10 1
1 40 14 1
1 21 19 2
1 22 28 3
1 6 40 2
1 36 1 2
1 12 29 2
1 17 22 1
1 32 4 2
1 21 8 2
3 4 24 0 5 32
1 22 12 3
1 22 11 3
1 30 31 2
3 11 3 3 3 7
3 33 35 0 1 2
4 13 16 2 0
1 26 31 3
1 37 34 3
1 17 15 3
3 27 29 1 2 2
1 5 19 3
3 1 9 3 1 0
1 30 3 2
1 11 24 3
1 7 24 3
1 22 29 1
1 39 14 2
1 18 31 2
1 17 24 1
1 31 4 3
1 23 37 2
1 14 29 2
1 19 8 1
1 30 17 3
1 23 27 1
1 32 9 3
1 4 6 3
4 23 7 1 3
4 1 38 1 5
1 40 21 3
1 25 28 3
2 22 33
1 23 8 1
1 27 31 2
1 11 18 1
3 23 31 3 2 3
1 27 11 3
1 40 12 1
1 36 28 1
4 28 5 0 1
1 9 5 1
4 11 37 3 3
1 23 23 1
3 35 1 1 3 2
1 4 18 3
1 28 1 3
1 35 18 1
1 25 1 1
1 21 38 2
1 27 6 3
1 2 22 1
1 2 39 2
1 21 34 1
2 9 38
3 24 30 1 3 7
1 30 23 3
1 30 14 3
1 17 16 2
4 30 16 1 3
1 11 7 1
1 29 10 2
1 17 5 3
1 20 16 3
1 9 23 3
1 6 23 2
3 10 17 3 2 1
1 26 9 3
1 37 30 2
1 1 27 3
1 10 13 1
4 20 35 0 1