1 100
22
100 3
200 1 1 1 2 1 2 50 400
200 2 3 1 2 2 1 400 1200
200 3 3 1 3 1 1 200 800
200 4 3 1 3 1 2 10 300
200 5 2 1 3 2 1 100 1000
200 6 2 2 2 1 1 100 700
200 7 3 2 3 2 2 250 300
200 8 1 2 3 1 2 500 1000
200 9 2 1 3 1 2 2 100
200 10 2 2 3 1 2 450 800
200 11 1 1 3 1 2 3 100
200 12 3 2 2 2 2 80 500
300 20220815 20220910 1 2 1 1 -1
300 20220815 20220910 1 3 1 2 9
300 20220905 20220915 1 3 1 2 11
300 20220910 20221012 1 3 1 2 9
300 20221015 20221029 1 3 1 2 11
200 13 3 2 2 1 1 100 500
300 20220815 20220910 2 2 1 1 13
400 1 300 800
300 20220815 20220910 2 3 1 2 8