1 100
123
0 446
1 2 170 1778 0 1
1 2 160 1679 0 2
1 2 229 2535 1 1
1 0 17 185 1 1
1 0 607 6161 0 1
1 0 785 8443 1 2
1 0 92 958 1 3
1 1 200 2059 1 1
1 1 660 7082 1 2
1 2 506 5542 1 2
1 2 563 5809 1 3
1 2 65 718 0 3
1 1 491 5317 1 3
1 1 339 3659 1 4
1 1 135 1372 0 1
1 1 925 9704 1 5
1 0 879 8829 1 4
1 2 18 189 0 4
2 441 0 0
1 0 865 9082 0 2
1 1 427 4461 0 2
1 1 110 1179 1 6
1 1 582 5998 0 3
1 0 792 8598 1 5
1 1 323 3240 1 7
1 1 435 4691 1 8
1 1 236 2382 1 9
1 2 265 2766 1 4
1 0 943 9799 0 3
1 2 120 1264 0 5
1 0 487 4903 1 6
1 2 912 9533 0 6
2 2443 2101 5998
2 53 0 0
1 0 28 297 0 4
1 2 73 742 0 7
1 0 482 4908 1 7
1 0 547 5978 1 8
1 2 851 8745 1 5
1 0 883 9810 1 9
2 3201 3166 9533
1 0 944 9607 0 5
1 1 632 6937 1 10
1 2 350 3547 0 8
1 0 866 9365 0 6
1 1 331 3673 1 11
2 2958 2655 8745
1 0 103 1064 0 7
2 1887 1742 5809
1 1 401 4172 0 4
1 2 537 5769 1 6
1 0 499 5442 0 8
1 2 632 6403 0 9
1 1 358 3887 1 12
1 0 734 7931 0 9
1 2 344 3463 0 10
1 0 320 3216 0 10
1 0 613 6224 0 11
1 1 420 4252 0 5
1 0 288 3082 1 10
1 1 741 8002 1 13
1 2 18 195 0 11
2 958 876 2766
1 2 649 7069 1 7
1 2 81 837 1 8
1 0 878 9438 1 11
1 2 572 6044 1 9
1 2 778 8041 1 10
1 1 576 6308 0 6
1 2 893 9064 0 12
2 2575 2568 8598
2 1370 1346 3887
1 1 368 4068 0 7
2 2465 2304 8002
1 0 555 6016 0 12
1 2 685 7057 1 11
1 2 516 5690 1 12
1 1 80 852 0 8
1 0 894 9667 1 12
2 887 876 2766
1 1 360 3621 1 14
2 1657 1544 5317
1 2 205 2133 0 13
1 1 940 9587 0 9
1 1 744 8183 0 10
1 0 944 9511 0 13
1 2 97 1056 1 13
1 1 446 4601 1 15
1 1 40 434 0 11
1 2 701 7348 0 14
1 1 367 3807 1 16
1 0 588 6093 1 13
1 0 224 2282 1 14
2 2913 2795 9533
2 3123 2795 9533
1 2 844 8614 1 14
1 0 112 1189 0 14
1 0 941 9669 0 15
1 0 876 9544 1 15
1 2 590 6128 1 15
1 0 533 5854 1 16
1 0 819 8622 0 16
1 2 545 5707 0 15
1 0 107 1097 1 17
1 2 476 4796 1 16
2 2909 2793 9533
1 0 354 3901 0 17
1 1 644 6933 0 12
1 1 563 5874 1 17
2 1321 1267 3901
1 1 52 548 0 13
1 2 907 9847 1 17
1 1 467 4731 0 14
1 0 58 596 0 18
1 1 748 8144 1 18
2 869 840 2535
1 0 387 4164 0 19
1 1 58 648 1 19
1 0 258 2851 0 20
1 1 678 6820 1 20
1 1 915 9570 1 21
1 0 850 9118 0 21