1 100
21
100 4 26
((1110)(1101)(1001)(1011))
500 1 3 1
500 2 2 1
300 3 1 3 0
500 2 3 0
300 0 3 2 0
300 1 3 2 0
500 1 2 0
500 0 2 0
200 11
((1110)000)
300 2 1 1 0
200 11
((1110)000)
300 2 2 4 0
300 2 3 3 1
400 0 3 1
200 21
((1000)(0111)(0100)1)
300 3 2 2 0
300 0 2 3 1
300 3 0 1 0
300 2 3 2 0
200 21
((1101)(1110)(0100)0)
24
100 4 26
((0111)(1010)(1010)(0110))
300 3 0 1 0
300 2 3 2 0
200 26
((0111)(1010)(1000)(0010))
300 3 3 1 1
300 2 3 1 0
500 2 1 0
500 1 2 1
500 0 3 0
400 2 0 1
500 2 0 1
300 0 1 1 0
300 0 2 1 0
200 26
((0011)(0010)(1000)(0011))
300 1 0 4 0
200 11
(000(0011))
300 0 0 3 0
300 1 2 3 1
500 2 1 1
300 2 1 2 0
200 16
((0110)10(0111))
300 1 1 2 1
300 3 0 4 0
200 16
((0100)10(0100))
41
100 4 21
(0(1001)(0110)(0011))
500 2 3 0
300 3 3 2 0
500 1 2 0
200 16
(0(1001)(0110)0)
300 0 3 1 0
300 0 0 2 0
300 2 3 4 1
300 0 1 3 1
300 3 1 3 0
300 3 2 4 1
500 1 3 1
500 3 2 1
500 2 2 1
300 3 3 3 1
300 0 2 3 1
500 1 0 1
300 2 1 2 0
200 21
((1110)1(0010)(0111))
200 21
((1110)1(0010)(0111))
300 0 0 4 1
300 1 3 1 1
500 1 0 1
300 3 0 4 0
200 16
((0100)10(0100))
300 3 2 2 1
300 2 0 4 0
300 3 0 3 1
500 0 3 1
400 3 3 1
200 21
((0010)(1101)1(0011))
300 1 0 1 1
300 3 1 3 1
500 1 1 1
300 1 3 2 0
300 3 1 4 0
500 0 3 0
300 1 2 2 1
300 0 0 2 1
300 0 1 1 1
200 16
(1(1011)0(1000))