1 100
100
100 10 50
200 406932607 26 25 1
200 109335179 10 43 1
200 551188311 18 45 2
200 639546083 22 29 2
200 719212847 28 31 3
200 536853563 26 5 1
200 706568711 8 7 1
200 371038355 26 1 2
200 282976735 34 7 3
400 551188311 109335179
200 387182457 30 23 4
200 792144677 10 3 2
200 305165713 42 31 1
200 852280509 8 33 1
200 805269673 6 37 4
200 321843029 8 41 5
200 422948033 48 11 1
300 536853563 2
200 662438588 31 8 3
200 700663192 41 18 1
500 7
200 342738417 8 31 6
200 786859805 6 5 3
200 128634633 2 21 1
200 453107125 12 13 4
500 8
200 952263386 1 24 2
200 350928278 7 44 7
300 706568711 3
400 128634633 128634633
200 592002819 26 17 5
400 453107125 453107125
200 890815357 46 11 2
200 120877417 18 33 13
200 613290005 38 45 1
200 910563713 8 37 14
500 8
200 24109174 27 14 18
200 936226546 31 46 2
400 536853563 -1
200 368223732 21 46 21
500 6
200 979415005 6 33 22
200 120743815 4 27 25
400 282976735 24109174
200 283217377 38 21 27
200 769935373 42 25 29
200 980842745 32 27 30
200 603507877 14 25 1
200 724217617 24 11 31
300 109335179 30
200 119074892 19 46 31
200 168052264 7 10 4
500 4
200 267470401 40 19 32
500 4
200 606753846 35 10 33
500 4
200 801410967 32 49 34
200 462898467 44 23 35
200 829108591 14 27 37
200 874143867 18 41 38
400 368223732 24109174
200 567123765 30 11 39
200 633136289 14 17 44
500 2
200 419383062 41 6 47
200 335339410 31 14 48
200 603737550 31 36 49
400 109335179 -1
200 411609584 3 34 50
200 826447372 47 10 51
200 577054696 27 20 52
200 60436868 29 40 53
200 84517600 27 30 54
200 235561468 31 42 55
200 294855384 7 28 56
200 847058292 21 6 57
200 688494032 37 20 58
200 177796588 17 20 59
200 629960648 21 24 60
200 550912356 35 44 61
200 633784000 39 44 62
200 724072924 25 18 63
200 34606776 23 22 64
200 597380490 9 18 65
200 776264006 45 46 66
200 239166658 47 12 67
400 567123765 24109174
200 772287812 9 22 68
200 846077366 35 8 69
200 143818802 3 4 70
200 542857326 1 42 71
500 1
200 534401263 28 33 72
400 846077366 24109174
200 629192201 2 37 73
200 651452597 28 37 74
200 580088865 34 43 75