1 100
89
100 40
417 409 962 655 259 635 881 165 371 581 912 804 805 404 750 730 864 827 127 131 998 762 232 146 414 477 141 836 799 267 307 263 353 534 162 387 980 999 676 429 
200 1 989
300 39 11 28985
200 1 880
200 3 837
300 4 35 29418
300 8 35 25426
300 31 12 17766
400 0 24 2 7190
200 1 817
200 1 808
200 3 758
300 7 26 16790
300 39 7 27840
300 23 8 14185
200 1 746
300 8 25 14889
300 13 26 10938
200 1 740
300 23 0 19851
200 1 685
300 14 0 12190
300 19 37 14558
200 3 577
200 1 564
200 2 533
300 17 4 10157
200 2 497
300 7 39 22339
300 31 2 20427
300 6 32 17669
400 6 27 7 2014
200 3 477
200 1 476
300 38 23 9978
200 2 447
300 17 39 13584
200 2 443
200 2 572
200 2 558
200 3 539
300 0 34 19085
200 3 505
200 2 493
400 7 34 4 3638
200 1 348
300 33 19 7417
300 8 27 9720
300 7 32 13094
400 13 35 3 3908
200 3 494
300 36 0 18230
300 0 25 12491
300 10 23 6636
300 7 38 15941
400 19 39 3 3521
300 32 17 7709
200 1 309
300 7 25 9150
200 1 308
200 3 384
400 8 29 2 6221
300 38 1 17712
400 9 36 2 7933
200 3 285
200 2 422
300 32 10 9384
200 1 280
200 3 274
200 2 404
300 2 38 15244
300 34 18 6083
300 12 31 7694
200 3 355
200 1 398
200 2 379
200 2 331
400 4 36 2 8988
300 21 34 4665
200 2 370
300 17 39 8126
300 32 2 11385
300 10 35 9298
300 19 36 6210
200 1 325
300 34 0 12883
200 2 317
300 18 2 6119
200 3 341