1 100
45
100 20
978 339 288 289 609 753 214 154 754 326 953 217 495 448 742 223 803 456 484 413 
300 1 18 16271
300 11 5 5772
300 0 9 8104
200 3 639
300 5 15 8942
200 3 585
300 19 12 5995
200 1 540
200 2 483
200 3 470
200 3 448
300 0 7 3843
200 3 439
300 7 13 3045
400 6 17 2 3113
300 17 2 7595
400 3 13 5 1160
400 7 19 2 3347
200 2 419
300 4 14 4732
200 2 396
300 8 0 3537
200 3 360
200 3 321
200 3 340
200 1 302
300 8 19 4085
300 5 18 4629
300 11 17 2148
300 8 15 2563
300 13 1 4228
300 9 3 2141
300 4 17 4656
200 3 329
200 2 314
400 3 15 3 2125
200 1 297
200 2 184
200 1 270
200 1 237
200 3 263
300 10 1 2569
300 10 3 1968
300 18 8 2933