1 100
67
100 30
1000 589 769 613 607 610 662 773 740 116 466 567 193 464 262 519 396 755 234 519 701 444 165 864 721 901 703 785 509 981 
200 1 811
300 16 2 14349
200 2 794
200 2 756
300 24 14 9384
300 27 6 19290
300 9 22 11321
300 10 26 14173
200 3 717
400 9 28 2 5192
300 6 26 17084
200 2 679
300 24 8 13998
300 25 8 14809
300 5 26 18356
200 3 610
200 3 575
400 0 16 2 4850
200 3 514
300 11 0 7445
400 6 22 2 3995
300 9 23 9559
200 2 457
200 3 534
200 3 390
200 2 504
200 2 496
200 1 496
200 2 478
300 11 0 6261
200 1 460
200 2 328
200 1 431
300 17 3 6855
200 1 424
200 2 406
300 12 26 6686
400 6 23 2 4597
300 22 7 6980
300 5 28 10925
300 15 4 5001
300 29 13 7781
300 25 6 9040
300 24 6 8500
200 1 304
200 1 405
300 5 17 5425
200 2 383
300 27 3 10517
400 6 25 2 5304
300 23 3 8419
200 2 405
200 1 401
200 3 344
300 21 8 5021
300 18 5 5264
300 4 24 8046
200 3 372
300 14 4 3819
200 2 329
300 4 21 6541
200 3 305
300 1 11 3831
200 3 285
400 0 16 2 4850
300 3 25 7980