1 100
100
1 10 6932607 654583776 9283574 109335179 3799193 794471794 3550168 772930245 639546083 381971572 1308586 719212847 7490781 343235942 1588076 538207305 6568711 956612808 8911646 371038355
2 3550168 282976735 10
3 149811982 525023893 6
2 4858423 86234552 7
2 6568711 269544020 7
2 1297328 852280509 8
2 5269673 235296706 9
2 5935358 154978291 10
2 179349311 49906080 11
2 2438588 809784281 12
2 932631941 214206318 13
4 8 57808715
2 6476176 786859805 14
2 8634633 65456802 15
2 4176862 518465363 16
4 6 105072211
3 147225606 365097111 12
2 3550168 710661177 13
3 468395384 582076065 11
2 5224017 450231882 12
2 797446 286635611 13
2 2178983 129653352 14
2 755512836 910563713 15
2 353928109 24109174 16
2 6226546 867900631 17
4 13 20318173
2 6329521 979471146 18
4 5 163596271
2 2438588 69211756 18
2 1151304 681257077 19
3 252768740 556514971 17
2 9935373 602048342 18
2 7811282 948892727 19
2 8500675 722606548 20
2 8533680 458640445 21
2 64444969 588890946 22
2 4435710 546923891 23
2 1588076 989437119 24
4 21 9965973
2 3055193 84110002 25
2 5559406 462898467 26
2 9108591 591118864 27
2 8721068 300616841 28
3 231728136 314696224 27
2 3136289 316033114 28
2 9383062 34331691 29
2 4960631 691606264 30
2 7238036 587721681 31
2 1366653 627206534 32
2 130699010 393225127 33
4 29 3754954
2 1151304 519516929 33
3 105643362 569093680 25
2 1152281 199574642 26
2 4380078 614247907 27
4 5 175465468
2 2851037 401018470 28
2 8876770 4877575 29
2 1066259 550912356 30
3 601626335 751254658 22
3 429205036 658559401 18
2 4606776 682978853 19
2 2536849 597380490 20
2 6264006 72727195 21
4 13 20777750
2 5728981 143024638 22
2 1859578 304452159 23
2 6277835 460325308 24
2 5269673 504561304 25
2 1303092 237498097 26
2 9986333 67381286 27
2 4388002 681362887 28
2 7621587 21151524 29
2 312064 24007245 30
2 6820921 949466386 31
2 9690318 795771907 32
2 5364047 264753520 33
3 3579153 24109174 29
2 8400807 510771048 30
2 2536849 63853828 30
2 5573344 899723437 31
2 328857 114364402 32
2 9500590 998779747 33
3 1 49906080 31
2 2816733 605435878 32
2 259938 191197831 33
3 558270622 848864256 27
2 7363039 712543808 28
2 8850012 632772089 29
2 4349989 400886030 30
2 7423242 279480591 31
2 6396955 16227148 32
2 5531816 95510485 33
2 1438273 966414458 34
4 22 13056688
2 5747388 389703257 35
2 4574853 869077486 36
2 2908778 777102959 37
2 8425851 857485100 38
2 9601032 269886005 39