1 100
136
100
300 39508415 -1
300 36375995 -1
300 16813725 -1
300 23769540 -1
200 7938535
300 21742680 -1
300 44560210 -1
200 8122795
300 23999865 -1
400 36253155 -1
300 32122660 -1
300 23999865 -1
300 23999865 -1
200 9474035
300 17412570 9474035
300 25351105 -1
300 25535365 9474035
300 32030530 -1
200 9765780
300 17412570 9474035
300 17412570 9474035
300 28713850 -1
200 5589220
200 4099785
300 22187975 -1
300 19454785 9765780
200 12376130
200 13328140
300 24414450 12376130
300 17811800 8122795
300 26011370 -1
300 28821335 -1
300 27700420 -1
300 15953845 -1
300 43761750 -1
300 28621720 -1
300 20498925 12376130
300 21834810 -1
300 37328005 -1
300 29235920 -1
300 32859700 -1
300 40153325 -1
200 9120870
200 14433700
200 11040245
300 23447085 -1
300 19239815 9765780
300 35178305 13328140
400 24537290 -1
300 29926895 11040245
300 29297340 -1
300 33934550 -1
300 17335795 -1
200 6817620
300 42226250 -1
300 35700375 14433700
200 7339690
300 25120780 -1
200 3239905
200 10610305
200 11024890
200 10917405
300 41059270 -1
300 38280015 -1
300 29850120 10610305
300 30740710 12376130
400 29619795 13328140
200 6863685
300 39462350 -1
300 27761840 14433700
200 9197645
300 27992165 -1
300 40752170 -1
300 21758035 -1
200 6188065
200 11777285
300 15938490 9120870
300 24951875 -1
300 31155295 11040245
300 29619795 11024890
300 24368385 13328140
300 25688915 13328140
300 35347210 -1
200 5927030
300 28360685 9765780
300 33965260 -1
300 29850120 10610305
300 24076640 9765780
200 107485
300 27255125 10917405
300 17412570 9474035
300 24813680 9765780
300 34594815 14433700
300 30848195 11040245
300 27178350 9765780
300 18272450 -1
300 17305085 -1
200 2794610
300 38203240 -1
300 20713895 9197645
200 8967320
300 16230235 13328140
300 31554525 -1
300 32276210 11777285
300 35992120 -1
200 2441445
300 18195675 9120870
300 32306920 13328140
300 44652340 -1
200 4391530
300 27976810 10917405
300 16475915 6863685
300 28882755 11040245
300 17750380 9120870
300 32184080 12376130
300 21865520 9120870
300 35193660 12376130
300 41596695 -1
300 19116975 7339690
300 43623555 -1
400 32875055 -1
300 44652340 -1
300 41212820 -1
200 13911630
200 10579595
300 27592935 13328140
300 20314665 12376130
300 22541140 9474035
200 12790715
300 34241650 13328140
300 17796445 8967320
300 34994045 -1
300 15616035 5927030
300 39339510 -1
400 27777195 12790715